Silicon: 0	1330.43	0.214993	0	0.0086799
Silicon: 13	2016.18	0.228623	0	0.00740432
Silicon: 1	956.065	0.205005	28.682	0.00990464
Silicon: 6	384.762	0.180544	50.019	0.0144748
Silicon: 7	717.309	0.196841	358.654	0.0111419
Silicon: 42	193.248	0.164372	5.79744	0.0194725
Germanium: 23	303.324	0.147524	0	0.0138421
Germanium: 24	300.624	0.14735		0	0.0138956
Germanium: 29	127.691	0.131487	105.728	0.0201754
Germanium: 34	539.137	0.15921		59.3051	0.0108259
Germanium: 10	239.55	0.142974	83.8425	0.0153284
Germanium: 40	396.394	0.152853	79.2788	0.0123399
Germanium: 63	272.961	0.145474	27.2961	0.0144865
Germanium: 66	236.379	0.142721	0	0.0154171
Germanium: 32	665.799	0.163723	13.316	0.00990434
