Silicon: 42	192.982	0.164341	0	0.00138996
Silicon: 6	380.706	0.180282	0	0.000179775
Silicon: 7	715.292	0.196763	0	0.000332013
Silicon: 1	958.355	0.205075	0	0.0005563
Silicon: 0	1330.43	0.214993	0	0.00102095
Silicon: 13	2016.18	0.228623	0	0.00309462
Germanium: 29	234.464	0.142567	0	0.00182469
Germanium: 66	236.294	0.142714	0	0.00497998
Germanium: 10	254.459	0.144125	0	0.00128617
Germanium: 63	280.134	0.145976	0	0.00109849
Germanium: 24	300.619	0.147349	0	0.00109383
Germanium: 23	303.304	0.147523	0	0.00161715
Germanium: 40	408.632	0.15347		0	0.00499648
Germanium: 34	553.298	0.159758	0	0.00145156
Germanium: 32	669.258	0.163835	0	0.00594029
