0.02167	29Si	29	[0.0]	[100000000000000]
0.07045	29Si	29	[1273.4	0.0]	[291000	100000000000000]
0.00118	29Si	29	[2028.2	0.0]	[306000	100000000000000]
0.00326	29Si	29	[2426	0.0]	[18100	100000000000000]
0.00036	29Si	29	[3067.1	0.0]	[33000	100000000000000]
0.00071	29Si	29	[4840.4	0.0]	[3500	100000000000000]
0.70152	29Si	29	[4934.4	0.0]	[840	100000000000000]
0.19536	29Si	29	[6380.6	0.0]	[360	100000000000000]
0.00041	29Si	29	[6712.9	0.0]	[w(M1)	100000000000000]
0.00515	29Si	29	[6908.5	0.0]	[w(M1)	100000000000000]
0.00213	29Si	29	[7058	0.0]	[15000	100000000000000]
0.00071	29Si	29	[7523.2	0.0]	[14000	100000000000000]
0.00059	29Si	29	[7996.8	0.0]	[w(E1)	100000000000000]
