0.06728	30Si	30	[0.0]	[100000000000000]
0.00664	30Si	30	[2235.3	0.0]	[215000	100000000000000]
0.05023	30Si	30	[3498.5	0.0]	[58000	100000000000000]
0.03679	30Si	30	[3769.5	0.0]	[36000	100000000000000]
0.01075	30Si	30	[3787.7	2235.3	0.0]	[8300	215000	100000000000000]
0.00269	30Si	30	[5614	2235.3	0.0]	[21000	215000	100000000000000]
0.03948	30Si	30	[6641.2	0.0]	[21000	100000000000000]
0.29820	30Si	30	[6744.1	0.0]	[14000	100000000000000]
0.01100	30Si	30	[6914.8	0.0]	[24000	100000000000000]
0.23688	30Si	30	[7507.8	0.0]	[24000	100000000000000]
0.00185	30Si	30	[7667.4	0.0]	[14000	100000000000000]
0.00034	30Si	30	[8104.8	2235.3	0.0]	[24000	215000	100000000000000]
0.00252	30Si	30	[8156.1	2235.3	0.0]	[w(E1)	215000	100000000000000]
0.07896	30Si	30	[8163.2	0.0]	[w(E1)	100000000000000]
0.04200	30Si	30	[8898.1	0.0]	[w(E1)	100000000000000]
0.00269	30Si	30	[8939	2235.3	0.0]	[w(E2)	215000	100000000000000]
0.00697	30Si	30	[8953.4	0.0]	[w(M1)	100000000000000]
0.03788	30Si	30	[9103.7	6744.1	0.0]	[24000	14000	100000000000000]
0.01520	30Si	30	[9308.1	2235.3	0.0]	[24000	215000	100000000000000]
0.00823	30Si	30	[9597.3	2235.3	0.0]	[w(M1)	215000	100000000000000]
0.01058	30Si	30	[9619.7	0.0]	[w(E1)	100000000000000]
0.01092	30Si	30	[9792.3	0.0]	[w(E1)	100000000000000]
0.00311	30Si	30	[10202.3	0.0]	[w(E1)	100000000000000]
0.00109	30Si	30	[10275.5	2235.3	0.0]	[w(M1)	215000	100000000000000]
