0.01466	31Si	31	[0.0]	[100000000000000]
0.00234	31Si	31	[752.2	0.0]	[530	100000000000000]
0.00093	31Si	31	[1694.9	0.0]	[570	100000000000000]
0.00065	31Si	31	[2316.9	0.0]	[38000	100000000000000]
0.00131	31Si	31	[2788	0.0]	[14000	100000000000000]
0.67995	31Si	31	[3532.9	0.0]	[6900	100000000000000]
0.12702	31Si	31	[4382.4	0.0]	[w(E3)	100000000000000]
0.16905	31Si	31	[5281.4	0.0]	[w(M2)	100000000000000]
0.00869	31Si	31	[5873.2	0.0]	[w(E3)	100000000000000]
0.00196	31Si	31	[5957.9	0.0]	[w(E4)	100000000000000]
