0.55000	41Ar	41	[1353.7	0.0]	[400	100000000000000]
0.12900	41Ar	41	[515.8	0.0]	[260000	100000000000000]
0.09300	41Ar	41	[2397.9	167.1	0.0]	[120	315000	100000000000000]
0.08350	41Ar	41	[3326.3	167.1	0.0]	[17000	315000	100000000000000]
0.04250	41Ar	41	[2948.8	167.1	0.0]	[62000	315000	100000000000000]
0.03900	41Ar	41	[2733.1	167.1	0.0]	[31000	315000	100000000000000]
0.03850	41Ar	41	[3968.1	515.8	0.0]	[21000	260000	100000000000000]
0.01000	41Ar	41	[4270	167.1	0.0]	[100	315000	100000000000000]
0.00950	41Ar	41	[3009.8	167.1	0.0]	[111000	315000	100000000000000]
0.00530	41Ar	41	[1033.9	167.1	0.0]	[5000	315000	100000000000000]
