0.0195	71Ge	71	[0.0]	[100000000000000]
0.0383	71Ge	71	[499.9	0.0]	[100	100000000000000]
0.0480	71Ge	71	[708.2	0.0]	[1070	100000000000000]
0.0020	71Ge	71	[808.2	0.0]	[100	100000000000000]
0.0110	71Ge	71	[831.3	0.0]	[100	100000000000000]
0.0186	71Ge	71	[1095.5	0.0]	[620	100000000000000]
0.0262	71Ge	71	[1139.4	0.0]	[4000	100000000000000]
0.0530	71Ge	71	[1298.7	0.0]	[420	100000000000000]
0.0549	71Ge	71	[1378.6	589.7	174.9	0.0]	[100	100 79000000	100000000000000]
0.0036	71Ge	71	[1542.5	0.0]	[100	100000000000000]
0.0349	71Ge	71	[1598.5	0.0]	[550	100000000000000]
0.0045	71Ge	71	[1743.4	0.0]	[420	100000000000000]
0.0350	71Ge	71	[1965	0.0]	[100	100000000000000]
0.0162	71Ge	71	[2032	0.0]	[100	100000000000000]
0.0098	71Ge	71	[2146.1	0.0]	[100	100000000000000]
0.0071	71Ge	71	[2224.5	0.0]	[100	100000000000000]
0.0087	71Ge	71	[2257	0.0]	[100	100000000000000]
0.0104	71Ge	71	[2351.5	0.0]	[100	100000000000000]
0.0032	71Ge	71	[2515.3	0.0]	[100	100000000000000]
0.0023	71Ge	71	[2426.8	0.0]	[100	100000000000000]
0.0041	71Ge	71	[2462.4	0.0]	[100	100000000000000]
0.0209	71Ge	71	[2534	0.0]	[100	100000000000000]
