0.0006	74Ge	74	[595.9	0.0]	[inf	inf]
0.00008	74Ge	74	[1204.2	0.0]	[inf	inf]
0.0102	74Ge	74	[1463.8	595.9	0.0]	[inf	inf	inf]
0.0080	74Ge	74	[1697.1	1204.2	0.0]	[inf	inf	inf]
0.0107	74Ge	74	[2165	0.0]	[inf	inf]
0.00011	74Ge	74	[2197.9	0.0]	[inf	inf]
0.00063	74Ge	74	[2536.3	595.9	0.0]	[inf	inf	inf]
0.0027	74Ge	74	[2569.3	1463.8	595.9	0.0]	[inf	inf	inf inf]
0.0009	74Ge	74	[2669.6	595.9	0.0]	[inf	inf	inf]
0.0067	74Ge	74	[2693.7	595.9	0.0]	[inf	inf	inf]
0.0043	74Ge	74	[2828.5	1697.1	1204.2	0.0]	[inf	inf	inf inf]
0.00073	74Ge	74	[2836.9	595.9	0.0]	[inf	inf	inf]
0.0012	74Ge	74	[2925.5	1204.2	0.0]	[inf	inf	inf]
0.0254	74Ge	74	[2935.5	2165.3	1204.2	0.0]	[inf	inf	inf inf] 
0.0078	74Ge	74	[2973.5	0.0]	[inf	inf]
0.0027	74Ge	74	[3034	595.9	0.0]	[inf	inf	inf]
0.0032	74Ge	74	[3048.6	0.0]	[inf	inf]
0.0018	74Ge	74	[3081.3	1463.8	595.9	0.0]	[inf	inf	inf inf]
