0.004766	71Ge	71	[0.0]	[inf]
0.009361	71Ge	71	[499.9	0.0]	[inf	inf]
0.011731	71Ge	71	[708.2	0.0]	[inf	inf]
0.000489	71Ge	71	[808.2	0.0]	[inf	inf]
0.002688	71Ge	71	[831.3	0.0]	[inf	inf]
0.004546	71Ge	71	[1095.5	0.0]	[inf	inf]
0.006403	71Ge	71	[1139.4	0.0]	[inf	inf]
0.012953	71Ge	71	[1298.7	0.0]	[inf	inf]
0.013418	71Ge	71	[1378.6	589.7	174.9	0.0]	[inf	inf	inf	inf]
0.000880	71Ge	71	[1542.5	0.0]	[inf	inf]
0.008530	71Ge	71	[1598.5	0.0]	[inf	inf]
0.001100	71Ge	71	[1743.4	0.0]	[inf	inf]
0.008554	71Ge	71	[1965	0.0]	[inf	inf]
0.003959	71Ge	71	[2032	0.0]	[inf	inf]
0.002395	71Ge	71	[2146.1	0.0]	[inf	inf]
0.001735	71Ge	71	[2224.5	0.0]	[inf	inf]
0.002126	71Ge	71	[2257	0.0]	[inf	inf]
0.002542	71Ge	71	[2351.5	0.0]	[inf	inf]
0.000782	71Ge	71	[2515.3	0.0]	[inf	inf]
0.000562	71Ge	71	[2426.8	0.0]	[inf	inf]
0.001002	71Ge	71	[2462.4	0.0]	[inf	inf]
0.005108	71Ge	71	[2534	0.0]	[inf	inf]
0.001513	73Ge	73	[66.7	0.0]	[inf	inf]
0.005077	73Ge	73	[364.1	66.7	0.0]	[inf	inf	inf]
0.011128	73Ge	73	[392.5	66.7	0.0]	[inf	inf	inf]
0.001629	73Ge	73	[554.9	68.8	0.0]	[inf	inf	inf]
0.000793	73Ge	73	[915.8	353.7	68.8	0.0]	[inf	inf	inf	inf]
0.002338	73Ge	73	[931.6	501.4	68.8	0.0]	[inf	inf	inf	inf]
0.005098	73Ge	73	[1043.3	13.3	0.0]	[inf	inf	inf]
0.004379	73Ge	73	[1131.9	66.7	0.0]	[inf	inf	inf]
0.009890	73Ge	73	[1262.9	13.3	0.0]	[inf	inf	inf]
0.000656	73Ge	73	[1892.1	13.3	0.0]	[inf	inf	inf]
0.000329	74Ge	74	[595.9	0.0]	[inf	inf]
0.000044	74Ge	74	[1204.2	0.0]	[inf	inf]
0.005585	74Ge	74	[1463.8	595.9	0.0]	[inf	inf	inf]
0.004380	74Ge	74	[1697.1	1204.2	0.0]	[inf	inf	inf]
0.005858	74Ge	74	[2165	0.0]	[inf	inf]
0.000060	74Ge	74	[2197.9	0.0]	[inf	inf]
0.000345	74Ge	74	[2536.3	595.9	0.0]	[inf	inf	inf]
0.001478	74Ge	74	[2569.3	1463.8	595.9	0.0]	[inf	inf	inf	inf]
0.000493	74Ge	74	[2669.6	595.9	0.0]	[inf	inf	inf]
0.003668	74Ge	74	[2693.7	595.9	0.0]	[inf	inf	inf]
0.002354	74Ge	74	[2828.5	1697.1	1204.2	0.0]	[inf	inf	inf	inf]
0.000400	74Ge	74	[2836.9	595.9	0.0]	[inf	inf	inf]
0.000657	74Ge	74	[2925.5	1204.2	0.0]	[inf	inf	inf]
0.013907	74Ge	74	[2935.5	2165.3	1204.2	0.0]	[inf	inf	inf	inf]
0.004271	74Ge	74	[2973.5	0.0]	[inf	inf]
0.001478	74Ge	74	[3034	595.9	0.0]	[inf	inf	inf]
0.001752	74Ge	74	[3048.6	0.0]	[inf	inf]
0.000986	74Ge	74	[3081.3	1463.8	595.9	0.0]	[inf	inf	inf	inf]
0.002720	75Ge	75	[0.0]	[inf]
0.011293	75Ge	75	[253.2	0.0]	[inf	inf]
0.002797	75Ge	75	[574.7	0.0]	[inf	inf]
0.002259	75Ge	75	[885.5	0.0]	[inf	inf]
0.000586	75Ge	75	[759.5	0.0]	[inf	inf]
0.002355	75Ge	75	[1136.9	0.0]	[inf	inf]
0.004181	75Ge	75	[1416.2	0.0]	[inf	inf]
0.002182	75Ge	75	[1501.6	0.0]	[inf	inf]
0.001893	75Ge	75	[1514.5	0.0]	[inf	inf]
0.002941	75Ge	75	[1688.1	192.2	139.7	0.0]	[inf	inf	inf	inf]
0.000750	75Ge	75	[1757.6	0.0]	[inf	inf]
0.006862	75Ge	75	[1796.3	0.0]	[inf	inf]
