0.020478	29Si	29	[0.0]	[100000000000000]
0.066576	29Si	29	[1273.4	0.0]	[291000	100000000000000]
0.001115	29Si	29	[2028.2	0.0]	[306000	100000000000000]
0.003081	29Si	29	[2426	0.0]	[18100	100000000000000]
0.000340	29Si	29	[3067.1	0.0]	[33000	100000000000000]
0.000671	29Si	29	[4840.4	0.0]	[3500	100000000000000]
0.662941	29Si	29	[4934.4	0.0]	[840	100000000000000]
0.184616	29Si	29	[6380.6	0.0]	[360	100000000000000]
0.000387	29Si	29	[6712.9	0.0]	[w(M1)	100000000000000]
0.004867	29Si	29	[6908.5	0.0]	[w(M1)	100000000000000]
0.002013	29Si	29	[7058	0.0]	[15000	100000000000000]
0.000671	29Si	29	[7523.2	0.0]	[14000	100000000000000]
0.000558	29Si	29	[7996.8	0.0]	[w(E1)	100000000000000]
0.002393	30Si	30	[0.0]	[100000000000000]
0.000236	30Si	30	[2235.3	0.0]	[215000	100000000000000]
0.001786	30Si	30	[3498.5	0.0]	[58000	100000000000000]
0.001308	30Si	30	[3769.5	0.0]	[36000	100000000000000]
0.000382	30Si	30	[3787.7	2235.3	0.0]	[8300	215000	100000000000000]
0.000096	30Si	30	[5614	2235.3	0.0]	[21000	215000	100000000000000]
0.001404	30Si	30	[6641.2	0.0]	[21000	100000000000000]
0.010604	30Si	30	[6744.1	0.0]	[14000	100000000000000]
0.000391	30Si	30	[6914.8	0.0]	[24000	100000000000000]
0.008424	30Si	30	[7507.8	0.0]	[24000	100000000000000]
0.000066	30Si	30	[7667.4	0.0]	[14000	100000000000000]
0.000012	30Si	30	[8104.8	2235.3	0.0]	[24000	215000	100000000000000]
0.000090	30Si	30	[8156.1	2235.3	0.0]	[w(E1)	215000	100000000000000]
0.002808	30Si	30	[8163.2	0.0]	[w(E1)	100000000000000]
0.001494	30Si	30	[8898.1	0.0]	[w(E1)	100000000000000]
0.000096	30Si	30	[8939	2235.3	0.0]	[w(E2)	215000	100000000000000]
0.000248	30Si	30	[8953.4	0.0]	[w(M1)	100000000000000]
0.001347	30Si	30	[9103.7	6744.1	0.0]	[24000	14000	100000000000000]
0.000541	30Si	30	[9308.1	2235.3	0.0]	[24000	215000	100000000000000]
0.000293	30Si	30	[9597.3	2235.3	0.0]	[w(M1)	215000	100000000000000]
0.000376	30Si	30	[9619.7	0.0]	[w(E1)	100000000000000]
0.000388	30Si	30	[9792.3	0.0]	[w(E1)	100000000000000]
0.000111	30Si	30	[10202.3	0.0]	[w(E1)	100000000000000]
0.000039	30Si	30	[10275.5	2235.3	0.0]	[w(M1)	215000	100000000000000]
0.000292	31Si	31	[0.0]	[100000000000000]
0.000047	31Si	31	[752.2	0.0]	[530	100000000000000]
0.000019	31Si	31	[1694.9	0.0]	[570	100000000000000]
0.000013	31Si	31	[2316.9	0.0]	[38000	100000000000000]
0.000026	31Si	31	[2788	0.0]	[14000	100000000000000]
0.013564	31Si	31	[3532.9	0.0]	[6900	100000000000000]
0.002534	31Si	31	[4382.4	0.0]	[w(E1)	100000000000000]
0.003372	31Si	31	[5281.4	0.0]	[w(E1)	100000000000000]
0.000173	31Si	31	[5873.2	0.0]	[w(E1)	100000000000000]
0.000039	31Si	31	[5957.9	0.0]	[w(E1)	100000000000000]
