0.0195	71Ge	71	[0]	[1e+14]
0.0383	71Ge	71	[499.9	0]	[254.288	1e+14]
0.048	71Ge	71	[708.2	0]	[1070	1e+14]
0.002	71Ge	71	[808.2	0]	[60.1755	1e+14]
0.011	71Ge	71	[831.3	0]	[55.2971	1e+14]
0.0186	71Ge	71	[1095.5	0]	[620	1e+14]
0.0262	71Ge	71	[1139.4	0]	[4000	1e+14]
0.053	71Ge	71	[1298.7	0]	[420	1e+14]
0.0549	71Ge	71	[1378.6	589.7	174.9	0]	[64.7009	2.76751e+12	7.9e+07	1e+14]
0.0036	71Ge	71	[1542.5	0]	[0.155004	1e+14]
0.0349	71Ge	71	[1598.5	0]	[550	1e+14]
0.0045	71Ge	71	[1743.4	0]	[420	1e+14]
0.035	71Ge	71	[1965	0]	[4.18686	1e+14]
0.0162	71Ge	71	[2032	0]	[0.0678028	1e+14]
0.0098	71Ge	71	[2146.1	0]	[0.0575531	1e+14]
0.0071	71Ge	71	[2224.5	0]	[0.0516798	1e+14]
0.0087	71Ge	71	[2257	0]	[0.0494793	1e+14]
0.0104	71Ge	71	[2351.5	0]	[2.4431	1e+14]
0.0032	71Ge	71	[2515.3	0]	[0.0357478	1e+14]
0.0023	71Ge	71	[2426.8	0]	[0.0398031	1e+14]
0.0041	71Ge	71	[2462.4	0]	[0.0381015	1e+14]
0.0209	71Ge	71	[2534	0]	[0.0349622	1e+14]
