0.0006	74Ge	74	[595.9	0]	[12410	1e+14]
8e-05	74Ge	74	[1204.2	0]	[5400	1e+14]
0.0102	74Ge	74	[1463.8	595.9	0]	[1530	12410	1e+14]
0.008	74Ge	74	[1697.1	1204.2	0]	[8.71986e+07	5400	1e+14]
0.0107	74Ge	74	[2165	0]	[0.0545334	1e+14]
0.00011	74Ge	74	[2197.9	0]	[861.986	1e+14]
0.00063	74Ge	74	[2536.3	595.9	0]	[240	12410	1e+14]
0.0027	74Ge	74	[2569.3	1463.8	595.9	0]	[26776	1530	12410	1e+14]
0.0009	74Ge	74	[2669.6	595.9	0]	[1152.95	12410	1e+14]
0.0067	74Ge	74	[2693.7	595.9	0]	[52	12410	1e+14]
0.0043	74Ge	74	[2828.5	1697.1	1204.2	0]	[21.9345	8.71986e+07	5400	1e+14]
0.00073	74Ge	74	[2836.9	595.9	0]	[782.223	12410	1e+14]
0.0012	74Ge	74	[2925.5	1204.2	0]	[6.90224e+09	5400	1e+14]
0.0254	74Ge	74	[2935.5	2165.3	1204.2	0]	[1.21123	35.7825	5400	1e+14]
0.0078	74Ge	74	[2973.5	0]	[1.50352e+08	1e+14]
0.0027	74Ge	74	[3034	595.9	0]	[59	12410	1e+14]
0.0032	74Ge	74	[3048.6	0]	[167.895	1e+14]
0.0018	74Ge	74	[3081.3	1463.8	595.9	0]	[210	1530	12410	1e+14]
0.0146	74Ge	74	[3104.5	2165.3	1204.2	0]	[0.667978	35.7825	5400	1e+14]
0.0046	74Ge	74	[3175.5	595.9	0]	[97	12410	1e+14]
0.0049	74Ge	74	[3271.5	1725	1204.2	0]	[4997.93	1.15394e+06	5400	1e+14]
0.0013	74Ge	74	[3315.7	2165.3	1204.2	0]	[20.8655	35.7825	5400	1e+14]
0.00054	74Ge	74	[3372.4	0]	[101.355	1e+14]
0.0072	74Ge	74	[3381.7	595.9	0]	[0.0255968	12410	1e+14]
0.0004	74Ge	74	[3392.6	2165.3	1204.2	0]	[17.184	35.7825	5400	1e+14]
0.0071	74Ge	74	[3409.9	1463.8	595.9	0]	[4.31003	1530	12410	1e+14]
0.0004	74Ge	74	[3423.8	0]	[93.9719	1e+14]
0.0004	74Ge	74	[3436.3	0]	[92.2751	1e+14]
0.0089	74Ge	74	[3478.4	1463.8	595.9	0]	[3.88517	1530	12410	1e+14]
0.0072	74Ge	74	[3515.4	2165.3	1204.2	0]	[12.9086	35.7825	5400	1e+14]
