0.004766	71Ge	71	[0]	[1e+14]
0.009361	71Ge	71	[499.9	0]	[254.288	1e+14]
0.011731	71Ge	71	[708.2	0]	[1070	1e+14]
0.000489	71Ge	71	[808.2	0]	[60.1755	1e+14]
0.002688	71Ge	71	[831.3	0]	[55.2971	1e+14]
0.004546	71Ge	71	[1095.5	0]	[620	1e+14]
0.006403	71Ge	71	[1139.4	0]	[4000	1e+14]
0.012953	71Ge	71	[1298.7	0]	[420	1e+14]
0.013418	71Ge	71	[1378.6	589.7	174.9	0]	[64.7009	2.76751e+12	7.9e+07	1e+14]
0.00088	71Ge	71	[1542.5	0]	[0.155004	1e+14]
0.00853	71Ge	71	[1598.5	0]	[550	1e+14]
0.0011	71Ge	71	[1743.4	0]	[420	1e+14]
0.008554	71Ge	71	[1965	0]	[4.18686	1e+14]
0.003959	71Ge	71	[2032	0]	[0.0678028	1e+14]
0.002395	71Ge	71	[2146.1	0]	[0.0575531	1e+14]
0.001735	71Ge	71	[2224.5	0]	[0.0516798	1e+14]
0.002126	71Ge	71	[2257	0]	[0.0494793	1e+14]
0.002542	71Ge	71	[2351.5	0]	[2.4431	1e+14]
0.000782	71Ge	71	[2515.3	0]	[0.0357478	1e+14]
0.000562	71Ge	71	[2426.8	0]	[0.0398031	1e+14]
0.001002	71Ge	71	[2462.4	0]	[0.0381015	1e+14]
0.005108	71Ge	71	[2534	0]	[0.0349622	1e+14]
0.001513	73Ge	73	[66.7	0]	[4.99e+14	1e+14]
0.005077	73Ge	73	[364.1	66.7	0]	[2.68809e+13	4.99e+14	1e+14]
0.011128	73Ge	73	[392.5	66.7	0]	[1.41963e+13	4.99e+14	1e+14]
0.001629	73Ge	73	[554.9	68.8	0]	[4.90665e+13	1.74e+06	1e+14]
0.000793	73Ge	73	[915.8	353.7	68.8	0]	[3.14438	100	1.74e+06	1e+14]
0.002338	73Ge	73	[931.6	501.4	68.8	0]	[3.05539e+06	100	1.74e+06	1e+14]
0.005098	73Ge	73	[1043.3	13.3	0]	[0.51105	2.92e+09	1e+14]
0.004379	73Ge	73	[1131.9	66.7	0]	[26.2835	4.99e+14	1e+14]
0.00989	73Ge	73	[1262.9	13.3	0]	[0.286195	2.92e+09	1e+14]
0.000656	73Ge	73	[1892.1	13.3	0]	[0.0842042	2.92e+09	1e+14]
0.000329	74Ge	74	[595.9	0]	[12410	1e+14]
4.4e-05	74Ge	74	[1204.2	0]	[5400	1e+14]
0.005585	74Ge	74	[1463.8	595.9	0]	[1530	12410	1e+14]
0.00438	74Ge	74	[1697.1	1204.2	0]	[8.71986e+07	5400	1e+14]
0.005858	74Ge	74	[2165	0]	[0.0545334	1e+14]
6e-05	74Ge	74	[2197.9	0]	[861.986	1e+14]
0.000345	74Ge	74	[2536.3	595.9	0]	[240	12410	1e+14]
0.001478	74Ge	74	[2569.3	1463.8	595.9	0]	[26776	1530	12410	1e+14]
0.000493	74Ge	74	[2669.6	595.9	0]	[1152.95	12410	1e+14]
0.003668	74Ge	74	[2693.7	595.9	0]	[52	12410	1e+14]
0.002354	74Ge	74	[2828.5	1697.1	1204.2	0]	[21.9345	8.71986e+07	5400	1e+14]
0.0004	74Ge	74	[2836.9	595.9	0]	[782.223	12410	1e+14]
0.000657	74Ge	74	[2925.5	1204.2	0]	[6.90224e+09	5400	1e+14]
0.013907	74Ge	74	[2935.5	2165.3	1204.2	0]	[1.21123	35.7825	5400	1e+14]
0.004271	74Ge	74	[2973.5	0]	[1.50352e+08	1e+14]
0.001478	74Ge	74	[3034	595.9	0]	[59	12410	1e+14]
0.001752	74Ge	74	[3048.6	0]	[167.895	1e+14]
0.000986	74Ge	74	[3081.3	1463.8	595.9	0]	[210	1530	12410	1e+14]
0.007994	74Ge	74	[3104.5	2165.3	1204.2	0]	[0.667978	35.7825	5400	1e+14]
0.002519	74Ge	74	[3175.5	595.9	0]	[97	12410	1e+14]
0.002683	74Ge	74	[3271.5	1725	1204.2	0]	[4997.93	1.15394e+06	5400	1e+14]
0.000712	74Ge	74	[3315.7	2165.3	1204.2	0]	[20.8655	35.7825	5400	1e+14]
0.000296	74Ge	74	[3372.4	0]	[101.355	1e+14]
0.003942	74Ge	74	[3381.7	595.9	0]	[0.0255968	12410	1e+14]
0.000219	74Ge	74	[3392.6	2165.3	1204.2	0]	[17.184	35.7825	5400	1e+14]
0.003887	74Ge	74	[3409.9	1463.8	595.9	0]	[4.31003	1530	12410	1e+14]
0.000219	74Ge	74	[3423.8	0]	[93.9719	1e+14]
0.000219	74Ge	74	[3436.3	0]	[92.2751	1e+14]
0.004873	74Ge	74	[3478.4	1463.8	595.9	0]	[3.88517	1530	12410	1e+14]
0.003942	74Ge	74	[3515.4	2165.3	1204.2	0]	[12.9086	35.7825	5400	1e+14]
0.00272	75Ge	75	[0]	[1e+14]
0.011293	75Ge	75	[253.2	0]	[1956.97	1e+14]
0.002797	75Ge	75	[574.7	0]	[167.36	1e+14]
0.002259	75Ge	75	[885.5	0]	[45.752	1e+14]
0.000586	75Ge	75	[759.5	0]	[3.59468e+10	1e+14]
0.002355	75Ge	75	[1136.9	0]	[21.6177	1e+14]
0.004181	75Ge	75	[1416.2	0]	[11.1841	1e+14]
0.002182	75Ge	75	[1501.6	0]	[9.38238	1e+14]
0.001893	75Ge	75	[1514.5	0]	[0.157885	1e+14]
0.002941	75Ge	75	[1688.1	192.2	139.7	0]	[0.163848	2.16e+08	4.77e+16	1e+14]
0.00075	75Ge	75	[1757.6	0]	[0.101016	1e+14]
0.006862	75Ge	75	[1796.3	0]	[5.48074	1e+14]
