0.020478	29Ge	29	[0]	[1e+14]
0.066576	29Ge	29	[1273.4	0]	[291000	1e+14]
0.001115	29Ge	29	[2028.2	0]	[306000	1e+14]
0.003081	29Ge	29	[2426	0]	[18100	1e+14]
0.00034	29Ge	29	[3067.1	0]	[33000	1e+14]
0.000671	29Ge	29	[4840.4	0]	[3500	1e+14]
0.662941	29Ge	29	[4934.4	0]	[840	1e+14]
0.184616	29Ge	29	[6380.6	0]	[360	1e+14]
0.000387	29Ge	29	[6712.9	0]	[0.105014	1e+14]
0.004867	29Ge	29	[6908.5	0]	[0.096344	1e+14]
0.002013	29Ge	29	[7058	0]	[15000	1e+14]
0.000671	29Ge	29	[7523.2	0]	[14000	1e+14]
0.000558	29Ge	29	[7996.8	0]	[0.00202074	1e+14]
0.002393	30Ge	30	[0]	[1e+14]
0.000236	30Ge	30	[2235.3	0]	[215000	1e+14]
0.001786	30Ge	30	[3498.5	0]	[58000	1e+14]
0.001308	30Ge	30	[3769.5	0]	[36000	1e+14]
0.000382	30Ge	30	[3787.7	2235.3	0]	[8300	215000	1e+14]
9.6e-05	30Ge	30	[5614	2235.3	0]	[21000	215000	1e+14]
0.001404	30Ge	30	[6641.2	0]	[21000	1e+14]
0.010604	30Ge	30	[6744.1	0]	[14000	1e+14]
0.000391	30Ge	30	[6914.8	0]	[24000	1e+14]
0.008424	30Ge	30	[7507.8	0]	[24000	1e+14]
6.6e-05	30Ge	30	[7667.4	0]	[14000	1e+14]
1.2e-05	30Ge	30	[8104.8	2235.3	0]	[24000	215000	1e+14]
9e-05	30Ge	30	[8156.1	2235.3	0]	[0.00486746	215000	1e+14]
0.002808	30Ge	30	[8163.2	0]	[0.00185721	1e+14]
0.001494	30Ge	30	[8898.1	0]	[0.00143401	1e+14]
9.6e-05	30Ge	30	[8939	2235.3	0]	[10.8838	215000	1e+14]
0.000248	30Ge	30	[8953.4	0]	[0.0442601	1e+14]
0.001347	30Ge	30	[9103.7	6744.1	0]	[24000	14000	1e+14]
0.000541	30Ge	30	[9308.1	2235.3	0]	[24000	215000	1e+14]
0.000293	30Ge	30	[9597.3	2235.3	0]	[0.0796138	215000	1e+14]
0.000376	30Ge	30	[9619.7	0]	[0.0011349	1e+14]
0.000388	30Ge	30	[9792.3	0]	[0.00107594	1e+14]
0.000111	30Ge	30	[10202.3	0]	[0.000951369	1e+14]
3.9e-05	30Ge	30	[10275.5	2235.3	0]	[0.0611189	215000	1e+14]
0.000292	31Ge	31	[0]	[1e+14]
4.7e-05	31Ge	31	[752.2	0]	[530	1e+14]
1.9e-05	31Ge	31	[1694.9	0]	[570	1e+14]
1.3e-05	31Ge	31	[2316.9	0]	[38000	1e+14]
2.6e-05	31Ge	31	[2788	0]	[14000	1e+14]
0.013564	31Ge	31	[3532.9	0]	[6900	1e+14]
0.002534	31Ge	31	[4382.4	0]	[0.0117439	1e+14]
0.003372	31Ge	31	[5281.4	0]	[0.00670969	1e+14]
0.000173	31Ge	31	[5873.2	0]	[0.00487894	1e+14]
3.9e-05	31Ge	31	[5957.9	0]	[0.0046738	1e+14]
