0.6482331337006535 29Si 29 [4934.39 0] [0.84 100000000000000.0]
0.11105034294133996 29Si 29 [6380.58   4840.34  0] [0.36 3.5 100000000000000.0]
0.0702023479440741 29Si 29 [1273.37 0] [291.0 100000000000000.0]
0.0411262710723437 29Si 29 [6380.58 0] [0.36 100000000000000.0]
0.04036830886763998 29Si 29 [4934.39   1273.37  0] [0.84 291.0 100000000000000.0]
0.02159164651053035 29Si 29 [0] [100000000000000.0]
0.016657551441200995 29Si 29 [380.58   4840.34   1273.37  0] [0.36 3.5 291.0 100000000000000.0]
0.013420151613080576 29Si 29 [6380.58   1273.37  0] [0.36 291.0 100000000000000.0]
0.008058751092718362 29Si 29 [6380.58   2425.86  0] [0.36 18.1 100000000000000.0]
0.005874688426914923 29Si 29 [934.39   3066.98   1273.37  0] [0.84 33.0 291.0 100000000000000.0]
0.0027454699745420056 29Si 29 [2425.86 0] [18.1 100000000000000.0]
0.002689544475711693 29Si 29 [6380.58   4934.39  0] [0.36 0.84 100000000000000.0]
0.002079170423283129 29Si 29 [4934.39   2425.86  0] [0.84 18.1 100000000000000.0]
0.0016770706582326063 29Si 29 [6908.52   2028.05  0] [0.1 396.0 100000000000000.0]
0.0016213821359093855 29Si 29 [934.39   3066.98   2028.05  0] [0.84 33.0 396.0 100000000000000.0]
0.0015089934144546663 29Si 29 [7058.0 0] [15.0 100000000000000.0]
0.0014174483147271428 29Si 29 [380.58   2425.86   1273.37  0] [0.36 18.1 291.0 100000000000000.0]
0.001253270370273826 29Si 29 [6908.52   1273.37  0] [0.1 291.0 100000000000000.0]
0.0011051959893333652 29Si 29 [2028.05 0] [396.0 100000000000000.0]
0.0009089653234953023 29Si 29 [6908.52   2425.86  0] [0.1 18.1 100000000000000.0]
0.0006155850751398532 29Si 29 [4840.34 0] [3.5 100000000000000.0]
0.0005967954144161077 29Si 29 [6908.52 0] [0.1 100000000000000.0]
0.000589935697009026 29Si 29 [7996.9 0] [0.1 100000000000000.0]
0.0004828988690399971 29Si 29 [2425.86   1273.37  0] [18.1 291.0 100000000000000.0]
0.0004658979350737948 29Si 29 [7523.19   2425.86  0] [14.0 18.1 100000000000000.0]
0.0004129549879063182 29Si 29 [6712.9 0] [0.1 100000000000000.0]
0.0003836137221324071 29Si 29 [4934.39   2028.05  0] [0.84 396.0 100000000000000.0]
0.00036570388868023416 29Si 29 [934.39   2425.86   1273.37  0] [0.84 18.1 291.0 100000000000000.0]
0.00032268110682912303 29Si 29 [908.52   3066.98   1273.37  0] [0.1 33.0 291.0 100000000000000.0]
0.000273404681648321 29Si 29 [3066.98   1273.37  0] [33.0 291.0 100000000000000.0]
0.00020729640518075528 29Si 29 [7058.0   4934.39  0] [15.0 0.84 100000000000000.0]
0.00018916156762394676 29Si 29 [7058.0   2425.86  0] [15.0 18.1 100000000000000.0]
0.00016766593493940736 29Si 29 [7058.0   1273.37  0] [15.0 291.0 100000000000000.0]
0.00016748968305424806 29Si 29 [380.58   4934.39   1273.37  0] [0.36 0.84 291.0 100000000000000.0]
0.00015987729998237534 29Si 29 [908.52   2425.86   1273.37  0] [0.1 18.1 291.0 100000000000000.0]
0.0001573161858690736 29Si 29 [7523.19 0] [14.0 100000000000000.0]
0.00011331558501571665 29Si 29 [908.52   2028.05   1273.37  0] [0.1 396.0 291.0 100000000000000.0]
0.00010955284702090442 29Si 29 [4934.39   3066.98   2028.05   1273.37 0] [0.84 33.0 396.0 291.0 100000000000000.0]
9.233776127097797e-05 29Si 29 [4840.34   1273.37  0] [3.5 291.0 100000000000000.0]
8.905823495442117e-05 29Si 29 [908.52   3066.98   2028.05  0] [0.1 33.0 396.0 100000000000000.0]
8.194647474618131e-05 29Si 29 [523.19   2425.86   1273.37  0] [14.0 18.1 291.0 100000000000000.0]
7.545820892689871e-05 29Si 29 [3066.98   2028.05  0] [33.0 396.0 100000000000000.0]
7.467540468468684e-05 29Si 29 [2028.05   1273.37  0] [396.0 291.0 100000000000000.0]
4.4755159418208744e-05 29Si 29 [380.58   2425.86   2028.05  0] [0.36 18.1 396.0 100000000000000.0]
3.3271501024765344e-05 29Si 29 [058.0   2425.86   1273.37  0] [15.0 18.1 291.0 100000000000000.0]
2.5919846090027508e-05 29Si 29 [934.39   2028.05   1273.37  0] [0.84 396.0 291.0 100000000000000.0]
2.437431069734984e-05 29Si 29 [6380.58   4934.39   3066.98   1273.37 0] [0.36 0.84 33.0 291.0 100000000000000.0]
1.524726908361248e-05 29Si 29 [2425.86   2028.05  0] [18.1 396.0 100000000000000.0]
1.290925266919866e-05 29Si 29 [058.0   4934.39   1273.37  0] [15.0 0.84 291.0 100000000000000.0]
1.1546901335089175e-05 29Si 29 [934.39   2425.86   2028.05  0] [0.84 18.1 396.0 100000000000000.0]
8.626558926539866e-06 29Si 29 [380.58   4934.39   2425.86  0] [0.36 0.84 18.1 100000000000000.0]
6.727177522934935e-06 29Si 29 [6380.58   4934.39   3066.98   2028.05 0] [0.36 0.84 33.0 396.0 100000000000000.0]
6.01744830773116e-06 29Si 29 [6908.52   3066.98   2028.05   1273.37 0] [0.1 33.0 396.0 291.0 100000000000000.0]
5.0985276301958595e-06 29Si 29 [066.98   2028.05   1273.37  0] [33.0 396.0 291.0 100000000000000.0]
5.0480387705998175e-06 29Si 29 [908.52   2425.86   2028.05  0] [0.1 18.1 396.0 100000000000000.0]
3.0239972579870774e-06 29Si 29 [6380.58   2425.86   2028.05   1273.37 0] [0.36 18.1 396.0 291.0 100000000000000.0]
2.5874153596433295e-06 29Si 29 [523.19   2425.86   2028.05  0] [14.0 18.1 396.0 100000000000000.0]
1.8786478647029735e-06 29Si 29 [7058.0   4934.39   3066.98   1273.37 0] [15.0 0.84 33.0 291.0 100000000000000.0]
1.5916282484333242e-06 29Si 29 [380.58   4934.39   2028.05  0] [0.36 0.84 396.0 100000000000000.0]
1.5173196530870516e-06 29Si 29 [6380.58   4934.39   2425.86   1273.37 0] [0.36 0.84 18.1 291.0 100000000000000.0]
1.0505295445168404e-06 29Si 29 [058.0   2425.86   2028.05  0] [15.0 18.1 396.0 100000000000000.0]
1.0302208840278704e-06 29Si 29 [425.86   2028.05   1273.37  0] [18.1 396.0 291.0 100000000000000.0]
7.80196036154674e-07 29Si 29 [4934.39   2425.86   2028.05   1273.37 0] [0.84 18.1 396.0 291.0 100000000000000.0]
6.648912746008674e-07 29Si 29 [058.0   4934.39   2425.86  0] [15.0 0.84 18.1 100000000000000.0]
5.184966190782844e-07 29Si 29 [7058.0   4934.39   3066.98   2028.05 0] [15.0 0.84 33.0 396.0 100000000000000.0]
4.545390218199281e-07 29Si 29 [6380.58   4934.39   3066.98   2028.05   1273.37 0] [0.36 0.84 33.0 306.0 291.0 100000000000000.0]
3.4108370071620395e-07 29Si 29 [6908.52   2425.86   2028.05   1273.37 0] [0.1 18.1 396.0 291.0 100000000000000.0]
1.7482536213806282e-07 29Si 29 [7523.19   2425.86   2028.05   1273.37 0] [14.0 18.1 396.0 291.0 100000000000000.0]
1.2267460801036335e-07 29Si 29 [058.0   4934.39   2028.05  0] [15.0 0.84 396.0 100000000000000.0]
1.1694727952465851e-07 29Si 29 [7058.0   4934.39   2425.86   1273.37 0] [15.0 0.84 18.1 291.0 100000000000000.0]
1.0754244921846785e-07 29Si 29 [6380.58   4934.39   2028.05   1273.37 0] [0.36 0.84 396.0 291.0 100000000000000.0]
7.098172598086761e-08 29Si 29 [7058.0   2425.86   2028.05   1273.37 0] [15.0 18.1 396.0 291.0 100000000000000.0]
4.7908542594982996e-08 29Si 29 [6380.58   4934.39   2425.86   2028.05 0] [0.36 0.84 18.1 396.0 100000000000000.0]
3.503355534312733e-08 29Si 29 [7058.0   4934.39   3066.98   2028.05   1273.37 0] [15.0 0.84 33.0 306.0 291.0 100000000000000.0]
8.288824865565093e-09 29Si 29 [7058.0   4934.39   2028.05   1273.37 0] [15.0 0.84 396.0 291.0 100000000000000.0]
3.69254672940893e-09 29Si 29 [7058.0   4934.39   2425.86   2028.05 0] [15.0 0.84 18.1 396.0 100000000000000.0]
3.2370636888502025e-09 29Si 29 [6380.58   4934.39   2425.86   2028.05   1273.37 0] [0.36 0.84 18.1 306.0 291.0 100000000000000.0]
2.494964006357385e-10 29Si 29 [7058.0   4934.39   2425.86   2028.05   1273.37 0] [15.0 0.84 18.1 306.0 291.0 100000000000000.0]
