0.625846	29Si	29	[4934.39	0]	[0.84	100000000000000.0]
0.107215	29Si	29	[6380.58	4840.34	0]	[0.36	3.5	100000000000000.0]
0.067778	29Si	29	[1273.37	0]	[291.0	100000000000000.0]
0.039706	29Si	29	[6380.58	0]	[0.36	100000000000000.0]
0.038974	29Si	29	[4934.39	1273.37	0]	[0.84	291.0	100000000000000.0]
0.020846	29Si	29	[0]	[100000000000000.0]
0.016082	29Si	29	[6380.58	4840.34	1273.37	0]	[0.36	3.5	291.0	100000000000000.0]
0.012957	29Si	29	[6380.58	1273.37	0]	[0.36	291.0	100000000000000.0]
0.007780	29Si	29	[6380.58	2425.86	0]	[0.36	18.1	100000000000000.0]
0.005672	29Si	29	[4934.39	3066.98	1273.37	0]	[0.84	33.0	291.0	100000000000000.0]
0.002651	29Si	29	[2425.86	0]	[18.1	100000000000000.0]
0.002597	29Si	29	[6380.58	4934.39	0]	[0.36	0.84	100000000000000.0]
0.002007	29Si	29	[4934.39	2425.86	0]	[0.84	18.1	100000000000000.0]
0.001619	29Si	29	[6908.52	2028.05	0]	[0.1	396.0	100000000000000.0]
0.001565	29Si	29	[4934.39	3066.98	2028.05	0]	[0.84	33.0	396.0	100000000000000.0]
0.001457	29Si	29	[7058.0	0]	[15.0	100000000000000.0]
0.001368	29Si	29	[6380.58	2425.86	1273.37	0]	[0.36	18.1	291.0	100000000000000.0]
0.001210	29Si	29	[6908.52	1273.37	0]	[0.1	291.0	100000000000000.0]
0.001067	29Si	29	[2028.05	0]	[396.0	100000000000000.0]
0.000878	29Si	29	[6908.52	2425.86	0]	[0.1	18.1	100000000000000.0]
0.000594	29Si	29	[4840.34	0]	[3.5	100000000000000.0]
0.000576	29Si	29	[6908.52	0]	[0.1	100000000000000.0]
0.000570	29Si	29	[7996.9	0]	[0.1	100000000000000.0]
0.000466	29Si	29	[2425.86	1273.37	0]	[18.1	291.0	100000000000000.0]
0.000450	29Si	29	[7523.19	2425.86	0]	[14.0	18.1	100000000000000.0]
0.000399	29Si	29	[6712.9	0]	[0.1	100000000000000.0]
0.000370	29Si	29	[4934.39	2028.05	0]	[0.84	396.0	100000000000000.0]
0.000353	29Si	29	[4934.39	2425.86	1273.37	0]	[0.84	18.1	291.0	100000000000000.0]
0.000312	29Si	29	[6908.52	3066.98	1273.37	0]	[0.1	33.0	291.0	100000000000000.0]
0.000264	29Si	29	[3066.98	1273.37	0]	[33.0	291.0	100000000000000.0]
0.000200	29Si	29	[7058.0	4934.39	0]	[15.0	0.84	100000000000000.0]
0.000183	29Si	29	[7058.0	2425.86	0]	[15.0	18.1	100000000000000.0]
0.000162	29Si	29	[7058.0	1273.37	0]	[15.0	291.0	100000000000000.0]
0.000162	29Si	29	[6380.58	4934.39	1273.37	0]	[0.36	0.84	291.0	100000000000000.0]
0.000154	29Si	29	[6908.52	2425.86	1273.37	0]	[0.1	18.1	291.0	100000000000000.0]
0.000152	29Si	29	[7523.19	0]	[14.0	100000000000000.0]
0.000109	29Si	29	[6908.52	2028.05	1273.37	0]	[0.1	396.0	291.0	100000000000000.0]
0.000106	29Si	29	[4934.39	3066.98	2028.05	1273.37	0]	[0.84	33.0	396.0	291.0	100000000000000.0]
0.000089	29Si	29	[4840.34	1273.37	0]	[3.5	291.0	100000000000000.0]
0.000086	29Si	29	[6908.52	3066.98	2028.05	0]	[0.1	33.0	396.0	100000000000000.0]
0.000079	29Si	29	[7523.19	2425.86	1273.37	0]	[14.0	18.1	291.0	100000000000000.0]
0.000073	29Si	29	[3066.98	2028.05	0]	[33.0	396.0	100000000000000.0]
0.000072	29Si	29	[2028.05	1273.37	0]	[396.0	291.0	100000000000000.0]
0.000043	29Si	29	[6380.58	2425.86	2028.05	0]	[0.36	18.1	396.0	100000000000000.0]
0.000032	29Si	29	[7058.0	2425.86	1273.37	0]	[15.0	18.1	291.0	100000000000000.0]
0.000025	29Si	29	[4934.39	2028.05	1273.37	0]	[0.84	396.0	291.0	100000000000000.0]
0.000024	29Si	29	[6380.58	4934.39	3066.98	1273.37	0]	[0.36	0.84	33.0	291.0	100000000000000.0]
0.000015	29Si	29	[2425.86	2028.05	0]	[18.1	396.0	100000000000000.0]
0.000012	29Si	29	[7058.0	4934.39	1273.37	0]	[15.0	0.84	291.0	100000000000000.0]
0.000011	29Si	29	[4934.39	2425.86	2028.05	0]	[0.84	18.1	396.0	100000000000000.0]
0.000008	29Si	29	[6380.58	4934.39	2425.86	0]	[0.36	0.84	18.1	100000000000000.0]
0.000006	29Si	29	[6380.58	4934.39	3066.98	2028.05	0]	[0.36	0.84	33.0	396.0	100000000000000.0]
0.000006	29Si	29	[6908.52	3066.98	2028.05	1273.37	0]	[0.1	33.0	396.0	291.0	100000000000000.0]
0.000005	29Si	29	[3066.98	2028.05	1273.37	0]	[33.0	396.0	291.0	100000000000000.0]
0.000005	29Si	29	[6908.52	2425.86	2028.05	0]	[0.1	18.1	396.0	100000000000000.0]
0.000003	29Si	29	[6380.58	2425.86	2028.05	1273.37	0]	[0.36	18.1	396.0	291.0	100000000000000.0]
0.000002	29Si	29	[7523.19	2425.86	2028.05	0]	[14.0	18.1	396.0	100000000000000.0]
0.000002	29Si	29	[7058.0	4934.39	3066.98	1273.37	0]	[15.0	0.84	33.0	291.0	100000000000000.0]
0.000002	29Si	29	[6380.58	4934.39	2028.05	0]	[0.36	0.84	396.0	100000000000000.0]
0.000001	29Si	29	[6380.58	4934.39	2425.86	1273.37	0]	[0.36	0.84	18.1	291.0	100000000000000.0]
0.000001	29Si	29	[7058.0	2425.86	2028.05	0]	[15.0	18.1	396.0	100000000000000.0]
0.000001	29Si	29	[2425.86	2028.05	1273.37	0]	[18.1	396.0	291.0	100000000000000.0]
0.000001	29Si	29	[4934.39	2425.86	2028.05	1273.37	0]	[0.84	18.1	396.0	291.0	100000000000000.0]
0.000001	29Si	29	[7058.0	4934.39	2425.86	0]	[15.0	0.84	18.1	100000000000000.0]
0.000001	29Si	29	[7058.0	4934.39	3066.98	2028.05	0]	[15.0	0.84	33.0	396.0	100000000000000.0]
0.000000	29Si	29	[6380.58	4934.39	3066.98	2028.05	1273.37	0]	[0.36	0.84	33.0	306.0	291.0	100000000000000.0]
0.000000	29Si	29	[6908.52	2425.86	2028.05	1273.37	0]	[0.1	18.1	396.0	291.0	100000000000000.0]
0.000000	29Si	29	[7523.19	2425.86	2028.05	1273.37	0]	[14.0	18.1	396.0	291.0	100000000000000.0]
0.000000	29Si	29	[7058.0	4934.39	2028.05	0]	[15.0	0.84	396.0	100000000000000.0]
0.000000	29Si	29	[7058.0	4934.39	2425.86	1273.37	0]	[15.0	0.84	18.1	291.0	100000000000000.0]
0.000000	29Si	29	[6380.58	4934.39	2028.05	1273.37	0]	[0.36	0.84	396.0	291.0	100000000000000.0]
0.000000	29Si	29	[7058.0	2425.86	2028.05	1273.37	0]	[15.0	18.1	396.0	291.0	100000000000000.0]
0.000000	29Si	29	[6380.58	4934.39	2425.86	2028.05	0]	[0.36	0.84	18.1	396.0	100000000000000.0]
0.000000	29Si	29	[7058.0	4934.39	3066.98	2028.05	1273.37	0]	[15.0	0.84	33.0	306.0	291.0	100000000000000.0]
0.000000	29Si	29	[7058.0	4934.39	2028.05	1273.37	0]	[15.0	0.84	396.0	291.0	100000000000000.0]
0.000000	29Si	29	[7058.0	4934.39	2425.86	2028.05	0]	[15.0	0.84	18.1	396.0	100000000000000.0]
0.000000	29Si	29	[6380.58	4934.39	2425.86	2028.05	1273.37	0]	[0.36	0.84	18.1	306.0	291.0	100000000000000.0]
0.000000	29Si	29	[7058.0	4934.39	2425.86	2028.05	1273.37	0]	[15.0	0.84	18.1	306.0	291.0	100000000000000.0]
