0.625846	29Si	29	[4934.39	0]	[0.84	100000000000000.0]
0.107215	29Si	29	[6380.58	4840.34	0]	[0.36	3.5	100000000000000.0]
0.067778	29Si	29	[1273.37	0]	[291.0	100000000000000.0]
0.039706	29Si	29	[6380.58	0]	[0.36	100000000000000.0]
0.038974	29Si	29	[4934.39	1273.37	0]	[0.84	291.0	100000000000000.0]
0.020846	29Si	29	[0]	[100000000000000.0]
0.015106	30Si	30	[6744.1	0.0]	[14	100000000000000]
0.014053	31Si	31	[3532.9	752.2	0.0]	[6.9	530	100000000000000]
0.012015	30Si	30	[7507.8	2235.3	0.0]	[24	215	100000000000000]
0.004006	30Si	30	[8163.2	0.0]	[w(E1)	100000000000000]
0.003513	31Si	31	[5281.4	752.2	0.0]	[w(E1)	530	100000000000000]
0.003412	30Si	30	[0.0]	[100000000000000]
0.002625	31Si	31	[4382.4	752.2	0.0]	[w(E1)	530	100000000000000]
0.000303	31Si	31	[0.0]	[100000000000000]
