0.02167	29Ge	29	[0]	[1e+14]
0.07045	29Ge	29	[1273.4	0]	[291000	1e+14]
0.00118	29Ge	29	[2028.2	0]	[306000	1e+14]
0.00326	29Ge	29	[2426	0]	[18100	1e+14]
0.00036	29Ge	29	[3067.1	0]	[33000	1e+14]
0.00071	29Ge	29	[4840.4	0]	[3500	1e+14]
0.70152	29Ge	29	[4934.4	0]	[840	1e+14]
0.19536	29Ge	29	[6380.6	0]	[360	1e+14]
0.00041	29Ge	29	[6712.9	0]	[0.105014	1e+14]
0.00515	29Ge	29	[6908.5	0]	[0.096344	1e+14]
0.00213	29Ge	29	[7058	0]	[15000	1e+14]
0.00071	29Ge	29	[7523.2	0]	[14000	1e+14]
0.00059	29Ge	29	[7996.8	0]	[0.00202074	1e+14]
