0.0283	75Ge	75	[0]	[1e+14]
0.1175	75Ge	75	[253.2	0]	[1956.97	1e+14]
0.0291	75Ge	75	[574.7	0]	[167.36	1e+14]
0.0235	75Ge	75	[885.5	0]	[45.752	1e+14]
0.0061	75Ge	75	[759.5	0]	[3.59468e+10	1e+14]
0.0245	75Ge	75	[1136.9	0]	[21.6177	1e+14]
0.0435	75Ge	75	[1416.2	0]	[11.1841	1e+14]
0.0227	75Ge	75	[1501.6	0]	[9.38238	1e+14]
0.0197	75Ge	75	[1514.5	0]	[0.157885	1e+14]
0.0306	75Ge	75	[1688.1	192.2	139.7	0]	[0.163848	2.16e+08	4.77e+16	1e+14]
0.0078	75Ge	75	[1757.6	0]	[0.101016	1e+14]
0.0714	75Ge	75	[1796.3	0]	[5.48074	1e+14]
