0.06728	30Ge	30	[0]	[1e+14]
0.00664	30Ge	30	[2235.3	0]	[215000	1e+14]
0.05023	30Ge	30	[3498.5	0]	[58000	1e+14]
0.03679	30Ge	30	[3769.5	0]	[36000	1e+14]
0.01075	30Ge	30	[3787.7	2235.3	0]	[8300	215000	1e+14]
0.00269	30Ge	30	[5614	2235.3	0]	[21000	215000	1e+14]
0.03948	30Ge	30	[6641.2	0]	[21000	1e+14]
0.2982	30Ge	30	[6744.1	0]	[14000	1e+14]
0.011	30Ge	30	[6914.8	0]	[24000	1e+14]
0.23688	30Ge	30	[7507.8	0]	[24000	1e+14]
0.00185	30Ge	30	[7667.4	0]	[14000	1e+14]
0.00034	30Ge	30	[8104.8	2235.3	0]	[24000	215000	1e+14]
0.00252	30Ge	30	[8156.1	2235.3	0]	[0.00486746	215000	1e+14]
0.07896	30Ge	30	[8163.2	0]	[0.00185721	1e+14]
0.042	30Ge	30	[8898.1	0]	[0.00143401	1e+14]
0.00269	30Ge	30	[8939	2235.3	0]	[10.8838	215000	1e+14]
0.00697	30Ge	30	[8953.4	0]	[0.0442601	1e+14]
0.03788	30Ge	30	[9103.7	6744.1	0]	[24000	14000	1e+14]
0.0152	30Ge	30	[9308.1	2235.3	0]	[24000	215000	1e+14]
0.00823	30Ge	30	[9597.3	2235.3	0]	[0.0796138	215000	1e+14]
0.01058	30Ge	30	[9619.7	0]	[0.0011349	1e+14]
0.01092	30Ge	30	[9792.3	0]	[0.00107594	1e+14]
0.00311	30Ge	30	[10202.3	0]	[0.000951369	1e+14]
0.00109	30Ge	30	[10275.5	2235.3	0]	[0.0611189	215000	1e+14]
