0.0143	73Ge	73	[66.7	0]	[4.99e+14	1e+14]
0.048	73Ge	73	[364.1	66.7	0]	[2.68809e+13	4.99e+14	1e+14]
0.1052	73Ge	73	[392.5	66.7	0]	[1.41963e+13	4.99e+14	1e+14]
0.0154	73Ge	73	[554.9	68.8	0]	[4.90665e+13	1.74e+06	1e+14]
0.0075	73Ge	73	[915.8	353.7	68.8	0]	[3.14438	100	1.74e+06	1e+14]
0.0221	73Ge	73	[931.6	501.4	68.8	0]	[3.05539e+06	100	1.74e+06	1e+14]
0.0482	73Ge	73	[1043.3	13.3	0]	[0.51105	2.92e+09	1e+14]
0.0414	73Ge	73	[1131.9	66.7	0]	[26.2835	4.99e+14	1e+14]
0.0935	73Ge	73	[1262.9	13.3	0]	[0.286195	2.92e+09	1e+14]
0.0062	73Ge	73	[1892.1	13.3	0]	[0.0842042	2.92e+09	1e+14]
