H 	  1-H 	  1	  1	   99.9885(70)      	    0.3326(7)       	 .9990	    1
H 	  2-H 	  1	  2	    0.0115(70)      	    0.000519(7)     	1.0000	    1
He	  3-He	  2	  3	    0.000137(3)     	    0.000031(9)     	1.0000	    1
He	  4-He	  2	  4	   99.999863(3)     	    0.0             	1.0000	    0
Li	  6-Li	  3	  6	    7.59(4)         	    0.039(4)        	1.0000	    3
Li	  7-Li	  3	  7	   92.41(4)         	    0.045(3)        	1.0000	    3
Be	  9-Be	  4	  9	   100              	    0.0088(4)       	1.0000	   13
B 	 10-B 	  5	 10	   19.9(7)          	    0.5(1)          	1.0000	   10
B 	 11-B 	  5	 11	   80.1(7)          	    0.005(3)        	1.0000	    0
C 	 12-C 	  6	 12	   98.93(8)         	    0.00353(5)      	1.0000	    6
C 	 13-C 	  6	 13	    1.07(8)         	    0.00137(4)      	 .9980	    7
N 	 14-N 	  7	 14	   99.632(7)        	    0.0798(14)      	1.0000	   60
N 	 15-N 	  7	 15	    0.368(7)        	    0.000024(8)     	1.0030	   12
O 	 16-O 	  8	 16	   99.757(16)       	    0.000190(19)    	1.0000	    4
O 	 17-O 	  8	 17	    0.038(1)        	    0.00054(7)      	 .9990	   20
O 	 18-O 	  8	 18	    0.205(14)       	    0.00016(1)      	1.0000	   13
F 	 19-F 	  9	 19	   100              	    0.0096(5)       	1.0000	  168
Ne	 20-Ne	 10	 20	   90.48(3)         	    0.037(4)        	1.0000	   27
Ne	 21-Ne	 10	 21	    0.27(1)         	    0.67(11)        	1.0000	   11
Ne	 22-Ne	 10	 22	    9.25(3)         	    0.045(6)        	1.0000	   15
Na	 23-Na	 11	 23	   100              	    0.530(5)        	1.0000	  240
Mg	 24-Mg	 12	 24	   78.99(4)         	    0.0536(15)      	1.0010	   35
Mg	 25-Mg	 12	 25	   10.00(1)         	    0.200(5)        	1.0010	  206
Mg	 26-Mg	 12	 26	   11.01(3)         	    0.0386(6)       	1.0010	   44
Al	 27-Al	 13	 27	   100              	    0.231(3)        	1.0000	  216
Si	 28-Si	 14	 28	   92.2297(7)       	    0.177(5)        	1.0010	   46
Si	 29-Si	 14	 29	    4.6832(5)       	    0.119(3)        	1.0030	   99
Si	 30-Si	 14	 30	    3.0872(5)       	    0.107(2)        	1.0070	   39
P 	 31-P 	 15	 31	   100              	    0.172(6)        	1.0010	  158
S 	 32-S 	 16	 32	   94.93(31)        	    0.548(10)       	1.0000	  101
S 	 33-S 	 16	 33	    0.76(2)         	    0.454(25)       	1.0010	  249
S 	 34-S 	 16	 34	    4.29(28)        	    0.235(5)        	1.0010	   55
Cl	 35-Cl	 17	 35	   75.78(4)         	   43.5(4)          	1.0000	  384
S 	 36-S 	 16	 36	    0.02(1)         	    0.23(2)         	1.0140	   22
Ar	 36-Ar	 18	 36	    0.3365(30)      	    5.2(5)          	1.0160	   10
Cl	 37-Cl	 17	 37	   24.22(4)         	    0.430(6)        	1.0000	   71
Ar	 38-Ar	 18	 38	    0.0632(5)       	    0.8(2)          	1.0400	    0
K 	 39-K 	 19	 39	   93.2581(44)      	    2.1(2)          	1.0010	  308
Ar	 40-Ar	 18	 40	   99.6003(30)      	    0.66(1)         	1.0020	   40
K 	 40-K 	 19	 40	    0.0117(1)       	    30(4)           	1.0000	  490
Ca	 40-Ca	 20	 40	   96.94(16)        	    0.41(2)         	1.0010	   49
K 	 41-K 	 19	 41	    6.7302(44)      	    1.45(3)         	1.0010	  638
Ca	 42-Ca	 20	 42	    0.647(23)       	    0.68(7)         	1.0010	   44
Ca	 43-Ca	 20	 43	    0.135(10)       	    6.2(6)          	1.0010	  129
Ca	 44-Ca	 20	 44	    2.09(11)        	    0.88(5)         	1.0010	   41
Sc	 45-Sc	 21	 45	   100              	   27.2(2)          	1.0020	  440
Ca	 46-Ca	 20	 46	    0.004(3)        	    0.72(3)         	1.0000	   10
Ti	 46-Ti	 22	 46	    8.25(3)         	    0.59(18)        	1.0010	   23
Ti	 47-Ti	 22	 47	    7.44(2)         	    1.52(11)        	1.0010	  175
Ca	 48-Ca	 20	 48	    0.187(21)       	    1.09(14)        	1.0010	   15
Ti	 48-Ti	 22	 48	   73.72(3)         	    7.88(25)        	1.0020	   92
Ti	 49-Ti	 22	 49	    5.41(2)         	    1.79(12)        	1.0010	   88
Ti	 50-Ti	 22	 50	    5.18(2)         	    0.179(3)        	1.0010	   19
V 	 50-V 	 23	 50	    0.250(4)        	    21(4)           	 .9990	  328
Cr	 50-Cr	 24	 50	    4.345(13)       	   15.9(2)          	1.0000	   64
V 	 51-V 	 23	 51	   99.750(4)        	    4.92(4)         	1.0010	  309
Cr	 52-Cr	 24	 52	   83.789(18)       	    0.76(6)         	1.0000	   16
Cr	 53-Cr	 24	 53	    9.501(17)       	   18.2(15)         	1.0000	   90
Cr	 54-Cr	 24	 54	    2.365(7)        	    0.36(4)         	1.0000	   38
Fe	 54-Fe	 26	 54	    5.845(35)       	    2.25(18)        	1.0010	   33
Mn	 55-Mn	 25	 55	   100              	   13.36(5)         	1.0000	  126
Fe	 56-Fe	 26	 56	   91.754(36)       	    2.59(14)        	1.0000	  193
Fe	 57-Fe	 26	 57	    2.119(10)       	    2.5(3)          	1.0010	   35
Fe	 58-Fe	 26	 58	    0.282(4)        	    1.30(3)         	1.0020	   67
Ni	 58-Ni	 28	 58	   68.0769(89)      	    4.5(2)          	1.0000	  236
Co	 59-Co	 27	 59	   100              	   37.18(6)         	1.0000	  340
Ni	 60-Ni	 28	 60	   26.2231(77)      	    2.9(2)          	1.0000	  137
Ni	 61-Ni	 28	 61	    1.1399(6)       	    2.5(8)          	1.0000	   64
Ni	 62-Ni	 28	 62	    3.6345(17)      	   14.5(3)          	1.0000	   53
Cu	 63-Cu	 29	 63	   69.17(3)         	    4.52(2)         	1.0010	  305
Ni	 64-Ni	 28	 64	    0.9256(9)       	    1.63(7)         	1.0000	   35
Zn	 64-Zn	 30	 64	   48.63(60)        	    1.1(1)          	1.0010	   78
Cu	 65-Cu	 29	 65	   30.83(3)         	    2.17(3)         	1.0020	  350
Zn	 66-Zn	 30	 66	   27.90(27)        	    0.62(6)         	1.0000	   17
Zn	 67-Zn	 30	 67	    4.10(13)        	    9.5(14)         	1.0000	  175
Zn	 68-Zn	 30	 68	   18.75(51)        	    1.07(10)        	1.0000	   33
Ga	 69-Ga	 31	 69	   60.108(9)        	    1.68(7)         	1.0000	   66
Zn	 70-Zn	 30	 70	    0.62(3)         	    0.091(5)        	1.0000	   79
Ge	 70-Ge	 32	 70	   20.84(87)        	    3.45(16)        	1.0000	   84
Ga	 71-Ga	 31	 71	   39.892(9)        	    4.73(15)        	1.0010	  245
Ge	 72-Ge	 32	 72	   27.54(34)        	    0.95(11)        	1.0000	   47
Ge	 73-Ge	 32	 73	    7.73(5)         	   14.4(4)          	1.0000	  603
Ge	 74-Ge	 32	 74	   36.28(73)        	    0.53(5)         	1.0000	   47
Se	 74-Se	 34	 74	    0.89(4)         	   51.8(12)         	1.0010	  142
As	 75-As	 33	 75	   100              	    4.23(8)         	1.0000	  348
Ge	 76-Ge	 32	 76	    7.61(38)        	    0.14(2)         	1.0000	  196
Se	 76-Se	 34	 76	    9.37(29)        	    85(7)           	1.0000	  456
Se	 77-Se	 34	 77	    7.63(16)        	    42(4)           	1.0000	  215
Se	 78-Se	 34	 78	   23.77(28)        	    0.430(22)       	1.0000	   37
Kr	 78-Kr	 36	 78	    0.35(1)         	    4.7(7)          	1.0000	    1
Br	 79-Br	 35	 79	   50.69(7)         	   10.32(13)        	1.0000	  257
Se	 80-Se	 34	 80	   49.61(41)        	    0.61(5)         	1.0000	   71
Kr	 80-Kr	 36	 80	    2.28(6)         	   11.5(5)          	1.0000	    1
Br	 81-Br	 35	 81	   49.31(7)         	    2.36(5)         	1.0000	  181
Se	 82-Se	 34	 82	    8.73(22)        	    0.044(3)        	1.0000	    0
Kr	 82-Kr	 36	 82	   11.58(14)        	    19(4)           	1.0000	    2
Kr	 83-Kr	 36	 83	   11.49(6)         	   202(10)          	 .9950	   75
Kr	 84-Kr	 36	 84	   57.00(4)         	    0.111(15)       	1.0000	    7
Sr	 84-Sr	 38	 84	    0.56(1)         	    0.62(6)         	1.0000	    5
Rb	 85-Rb	 37	 85	   72.17(2)         	    0.48(9)         	1.0000	   90
Kr	 86-Kr	 36	 86	   17.30(22)        	    0.003(2)        	1.0000	   38
Sr	 86-Sr	 38	 86	    9.86(1)         	    1.04(7)         	1.0000	  375
Rb	 87-Rb	 37	 87	   27.83(2)         	    0.12(3)         	1.0000	   86
Sr	 87-Sr	 38	 87	    7.00(1)         	    17(3)           	1.0060	  210
Sr	 88-Sr	 38	 88	   82.58(1)         	    0.0058(4)       	1.0000	   57
Y 	 89-Y 	 39	 89	   100              	    1.28(2)         	1.0050	  397
Zr	 90-Zr	 40	 90	   51.45(40)        	    0.011(5)        	1.0000	   15
Zr	 91-Zr	 40	 91	   11.22(5)         	    1.24(25)        	1.0000	   81
Zr	 92-Zr	 40	 92	   17.15(8)         	    0.22(6)         	1.0000	   18
Mo	 92-Mo	 42	 92	   14.84(35)        	    0.0190          	1.0000	    5
Nb	 93-Nb	 41	 93	   100              	    1.15(5)         	1.0020	  535
Zr	 94-Zr	 40	 94	   17.38(28)        	    0.0499(24)      	1.0000	   14
Mo	 94-Mo	 42	 94	    9.25(12)        	    0.0150          	1.0010	   13
Mo	 95-Mo	 42	 95	   15.92(13)        	   13.4(3)          	 .9980	  139
Zr	 96-Zr	 40	 96	    2.80(9)         	    0.020(1)        	1.0000	   34
Mo	 96-Mo	 42	 96	   16.68(2)         	    0.5(2)          	1.0010	   36
Ru	 96-Ru	 44	 96	    5.54(14)        	    0.22(2)         	1.0010	    2
Mo	 97-Mo	 42	 97	    9.55(8)         	    2.5(2)          	 .9980	  110
Mo	 98-Mo	 42	 98	   24.13(31)        	    0.137(5)        	1.0000	   56
Ru	 98-Ru	 44	 98	    1.87(3)         	   <8.0             	1.0020	    1
Ru	 99-Ru	 44	 99	   12.76(14)        	    7.1(10)         	1.0020	  134
Mo	100-Mo	 42	100	    9.63(23)        	    0.199(3)        	1.0000	  332
Ru	100-Ru	 44	100	   12.60(7)         	    5.0(6)          	1.0000	   32
Ru	101-Ru	 44	101	   17.06(2)         	    3.4(9)          	1.0010	   60
Ru	102-Ru	 44	102	   31.55(14)        	    1.21(7)         	1.0000	  173
Pd	102-Pd	 46	102	    1.02(1)         	    3.4(3)          	 .9970	    4
Rh	103-Rh	 45	103	   100              	   145(2)           	1.0230	  264
Ru	104-Ru	 44	104	   18.62(27)        	    0.47(2)         	1.0000	  183
Pd	104-Pd	 46	104	   11.14(8)         	    0.6(3)          	1.0000	   11
Pd	105-Pd	 46	105	   22.33(8)         	   21.0(15)         	 .9950	  114
Pd	106-Pd	 46	106	   27.33(3)         	    0.31(3)         	 .9990	    7
Cd	106-Cd	 48	106	    1.25(6)         	   ~1.0             	1.0000	    0
Ag	107-Ag	 47	107	   51.839(8)        	   37.6(12)         	 .9980	  172
Pd	108-Pd	 46	108	   26.46(9)         	    7.6(4)          	1.0000	  140
Cd	108-Cd	 48	108	    0.89(3)         	    0.72(13)        	1.0010	    0
Ag	109-Ag	 47	109	   48.161(8)        	    91(1)           	1.0050	  129
Pd	110-Pd	 46	110	   11.72(9)         	    0.23(3)         	1.0000	   87
Cd	110-Cd	 48	110	   12.49(18)        	    11(1)           	1.0000	  191
Cd	111-Cd	 48	111	   12.80(12)        	    24(3)           	 .9950	    5
Cd	112-Cd	 48	112	   24.13(21)        	    2.2(5)          	1.0000	    0
Sn	112-Sn	 50	112	    0.97(1)         	    0.86(9)         	1.0000	    0
Cd	113-Cd	 48	113	   12.22(12)        	 20600(400)         	1.3370	  134
In	113-In	 49	113	    4.29(5)         	   15.1(13)         	1.0120	  232
Cd	114-Cd	 48	114	   28.73(42)        	    0.34(2)         	1.0000	    0
Sn	114-Sn	 50	114	    0.66(1)         	    0.12(3)         	1.0010	    0
In	115-In	 49	115	   95.71(5)         	   283(8)           	1.0190	  199
Sn	115-Sn	 50	115	    0.34(1)         	    30(7)           	1.0000	  395
Cd	116-Cd	 48	116	    7.49(18)        	    0.075(20)       	1.0000	    0
Sn	116-Sn	 50	116	   14.54(9)         	    0.14(3)         	1.0000	    9
Sn	117-Sn	 50	117	    7.68(7)         	    1.32(18)        	1.0000	   19
Sn	118-Sn	 50	118	   24.22(9)         	    0.23(5)         	1.0000	    9
Sn	119-Sn	 50	119	    8.59(4)         	    2.2(5)          	1.0000	    9
Sn	120-Sn	 50	120	   32.58(9)         	    0.14(3)         	1.0000	   10
Te	120-Te	 52	120	    0.09(1)         	    2.3(3)          	1.0000	    0
Sb	121-Sb	 51	121	   57.21(5)         	    5.9(2)          	1.0030	  151
Sn	122-Sn	 50	122	    4.63(3)         	    0.139(15)       	1.0000	    9
Te	122-Te	 52	122	    2.55(12)        	    3.9(5)          	1.0000	  113
Sb	123-Sb	 51	123	   42.79(5)         	    4.1(1)          	1.0010	  175
Te	123-Te	 52	123	    0.89(3)         	   418(30)          	1.0110	  162
Sn	124-Sn	 50	124	    5.79(5)         	    0.134(5)        	1.0000	   25
Te	124-Te	 52	124	    4.74(14)        	    6.8(13)         	1.0000	  280
Xe	124-Xe	 54	124	    0.09(1)         	   165(11)          	1.0040	    4
Te	125-Te	 52	125	    7.07(15)        	    1.55(16)        	1.0000	    8
Te	126-Te	 52	126	   18.84(25)        	    1.0(15)         	1.0000	    2
Xe	126-Xe	 54	126	    0.09(1)         	    3.8(8)          	1.0000	    0
I 	127-I 	 53	127	   100              	    6.2(2)          	 .9990	  348
Te	128-Te	 52	128	   31.74(8)         	    0.215(8)        	1.0000	   23
Xe	128-Xe	 54	128	    1.92(3)         	    5.2(13)         	 .9980	    7
Xe	129-Xe	 54	129	   26.44(24)        	    21(7)           	1.0010	   59
Te	130-Te	 52	130	   34.08(62)        	    0.29(6)         	1.0000	  258
Xe	130-Xe	 54	130	    4.08(2)         	    4.8(12)         	 .9980	   13
Ba	130-Ba	 56	130	    0.106(1)        	    8.7(9)          	1.0000	    2
Xe	131-Xe	 54	131	   21.18(3)         	    85(10)          	1.0020	   72
Xe	132-Xe	 54	132	   26.89(6)         	    0.41(5)         	1.0000	    0
Ba	132-Ba	 56	132	    0.101(1)        	    7.0(8)          	 .9790	    2
Cs	133-Cs	 55	133	   100              	   30.3(11)         	1.0020	  384
Xe	134-Xe	 54	134	   10.44(10)        	    0.265(20)       	 .9990	    0
Ba	134-Ba	 56	134	    2.417(18)       	    1.5(3)          	1.0000	  120
Ba	135-Ba	 56	135	    6.592(12)       	    5.8(9)          	1.0000	   87
Xe	136-Xe	 54	136	    8.87(16)        	    0.26(2)         	1.0000	  113
Ba	136-Ba	 56	136	    7.854(24)       	    0.68(17)        	1.0000	   96
Ce	136-Ce	 58	136	    0.185(2)        	    6.5(10)         	 .9990	   65
Ba	137-Ba	 56	137	   11.232(24)       	    3.6(2)          	1.0000	  210
Ba	138-Ba	 56	138	   71.698(42)       	    0.40(4)         	1.0000	   48
La	138-La	 57	138	    0.090(1)        	    57(6)           	1.0030	    6
Ce	138-Ce	 58	138	    0.251(2)        	    1.02(24)        	 .9910	    9
La	139-La	 57	139	   99.910(1)        	    9.04(4)         	 .9990	  308
Ce	140-Ce	 58	140	   88.450(51)       	    0.58(2)         	 .9990	   29
Pr	141-Pr	 59	141	   100              	   11.5(3)          	 .9990	  213
Ce	142-Ce	 58	142	   11.114(51)       	    0.97(2)         	 .9980	   48
Nd	142-Nd	 60	142	   27.2(5)          	   18.7(7)          	 .9980	  208
Nd	143-Nd	 60	143	   12.2(2)          	   325(10)          	 .9960	  119
Nd	144-Nd	 60	144	   23.8(3)          	    3.6(3)          	1.0000	   16
Sm	144-Sm	 62	144	    3.07(7)         	    1.64(10)        	 .9990	    0
Nd	145-Nd	 60	145	    8.3(1)          	    42(2)           	1.0000	  123
Nd	146-Nd	 60	146	   17.2(3)          	    1.41(5)         	 .9990	   73
Sm	147-Sm	 62	147	   14.99(18)        	    57(3)           	1.0010	   22
Nd	148-Nd	 60	148	    5.7(1)          	    2.58(14)        	1.0000	  298
Sm	148-Sm	 62	148	   11.24(10)        	    2.4(6)          	1.0000	    0
Sm	149-Sm	 62	149	   13.82(7)         	 40100(600)         	1.7180	  161
Nd	150-Nd	 60	150	    5.6(2)          	    1.03(8)         	 .9990	  581
Sm	150-Sm	 62	150	    7.38(1)         	   100(4)           	 .9980	  301
Eu	151-Eu	 63	151	   47.81(3)         	  9200(300)         	 .9000	  200
Sm	152-Sm	 62	152	   26.75(16)        	   206(6)           	1.0030	  160
Gd	152-Gd	 64	152	    0.20(1)         	   735(20)          	 .9980	  503
Eu	153-Eu	 63	153	   52.19(3)         	   312(7)           	 .9660	   64
Sm	154-Sm	 62	154	   22.75(29)        	    8.3(5)          	1.0000	  136
Gd	154-Gd	 64	154	    2.18(3)         	    85(12)          	1.0000	  329
Gd	155-Gd	 64	155	   14.80(12)        	 60900(500)         	 .8430	  324
Gd	156-Gd	 64	156	   20.47(9)         	    1.8(7)          	1.0010	    0
Dy	156-Dy	 66	156	    0.06(1)         	    33(3)           	1.0090	   25
Gd	157-Gd	 64	157	   15.65(2)         	 254000(800)        	 .8520	  390
Gd	158-Gd	 64	158	   24.84(7)         	    2.2(2)          	1.0000	   20
Dy	158-Dy	 66	158	    0.10(1)         	    43(6)           	 .9890	    0
Tb	159-Tb	 65	159	   100              	   23.3(4)          	1.0000	  224
Gd	160-Gd	 64	160	   21.86(19)        	    1.4(3)          	1.0000	   98
Dy	160-Dy	 66	160	    2.34(8)         	    55(3)           	1.0090	  100
Dy	161-Dy	 66	161	   18.91(24)        	   600(25)          	 .9910	   78
Dy	162-Dy	 66	162	   25.51(26)        	   194(10)          	1.0050	  328
Er	162-Er	 68	162	    0.14(1)         	    19(2)           	1.0010	    1
Dy	163-Dy	 66	163	   24.90(16)        	   134(7)           	1.0030	   45
Dy	164-Dy	 66	164	   28.18(37)        	  2650(70)          	 .9880	  271
Er	164-Er	 68	164	    1.61(3)         	    13(2)           	1.0000	    0
Ho	165-Ho	 67	165	   100              	   64.7(12)         	1.0020	  550
Er	166-Er	 68	166	   33.61(35)        	   16.9(16)         	1.0000	   87
Er	167-Er	 68	167	   22.93(17)        	   649(8)           	1.0690	  805
Er	168-Er	 68	168	   26.78(26)        	    2.74(8)         	1.0000	  102
Yb	168-Yb	 70	168	    0.13(1)         	  2300(170)         	1.0570	  233
Tm	169-Tm	 69	169	   100              	   105(2)           	1.0050	  302
Er	170-Er	 68	170	   14.93(27)        	    8.9(3)          	1.0000	   97
Yb	170-Yb	 70	170	    3.04(15)        	    9.9(18)         	1.0010	   23
Yb	171-Yb	 70	171	   14.28(57)        	    58(4)           	 .9990	  266
Yb	172-Yb	 70	172	   21.83(67)        	    1.3(8)          	1.0000	   25
Yb	173-Yb	 70	173	   16.13(27)        	   15.5(15)         	1.0010	   44
Yb	174-Yb	 70	174	   31.83(92)        	   63.2(15)         	 .9990	  176
Hf	174-Hf	 72	174	    0.16(1)         	   549(7)           	 .9860	   23
Lu	175-Lu	 71	175	   97.41(2)         	   23.1(14)         	 .9760	  304
Yb	176-Yb	 70	176	   12.76(41)        	    2.85(5)         	1.0000	  129
Lu	176-Lu	 71	176	    2.59(2)         	  2090(70)          	1.7520	  184
Hf	176-Hf	 72	176	    5.26(7)         	    24(3)           	1.0020	    5
Hf	177-Hf	 72	177	   18.60(9)         	   373(10)          	1.0200	  308
Hf	178-Hf	 72	178	   27.28(7)         	   137(7)           	1.0030	  347
Hf	179-Hf	 72	179	   13.629(6)        	    41(3)           	 .9970	  339
Hf	180-Hf	 72	180	   35.08(16)        	   13.04(7)         	 .9970	  105
Ta	180-Ta	 73	180	    0.012(2)        	   563(60)          	1.3580	    0
W 	180-W 	 74	180	    0.12(1)         	  <150              	 .9970	    3
Ta	181-Ta	 73	181	   99.988(2)        	   20.5(5)          	1.0040	  262
W 	182-W 	 74	182	   26.50(16)        	   19.9(2)          	1.0030	  131
W 	183-W 	 74	183	   14.31(4)         	   10.3(2)          	 .9990	  211
W 	184-W 	 74	184	   30.64(2)         	    1.7(1)          	 .9990	   75
Os	184-Os	 76	184	    0.02(1)         	  3000(150)         	1.0000	   72
Re	185-Re	 75	185	   37.40(2)         	   112(2)           	1.0040	  188
W 	186-W 	 74	186	   28.42(19)        	   38.5(5)          	1.0010	  225
Os	186-Os	 76	186	    1.59(3)         	    80(13)          	 .9980	   38
Re	187-Re	 75	187	   62.60(2)         	   79.2(10)         	 .9820	  218
Os	187-Os	 76	187	    1.96(2)         	   245(40)          	 .9830	  174
Os	188-Os	 76	188	   13.24(8)         	    4.7(5)          	1.0020	  163
Os	189-Os	 76	189	   16.15(5)         	    25(4)           	1.0040	  147
Os	190-Os	 76	190	   26.26(2)         	   13.1(9)          	 .9970	   76
Pt	190-Pt	 78	190	    0.014(1)        	   142(4)           	 .9980	    0
Ir	191-Ir	 77	191	   37.3(2)          	   954(10)          	 .9960	  286
Os	192-Os	 76	192	   40.78(19)        	    3.12(16)        	1.0000	   95
Pt	192-Pt	 78	192	    0.782(7)        	   10.0(25)         	1.0010	    0
Ir	193-Ir	 77	193	   62.7(2)          	   111(5)           	1.0170	  303
Pt	194-Pt	 78	194	   32.967(99)       	    0.58(19)        	1.0000	   64
Pt	195-Pt	 78	195	   33.832(10)       	   28.5(12)         	1.0000	  235
Pt	196-Pt	 78	196	   25.242(41)       	    0.45(4)         	1.0000	   36
Hg	196-Hg	 80	196	    0.15(1)         	  3190(180)         	 .9880	   10
Au	197-Au	 79	197	   100              	   98.65(9)         	1.0050	  737
Pt	198-Pt	 78	198	    7.163(55)       	    3.66(19)        	1.0000	   44
Hg	198-Hg	 80	198	    9.97(20)        	    2.0(3)          	1.0010	    3
Hg	199-Hg	 80	199	   16.87(22)        	  2150(50)          	 .9890	  425
Hg	200-Hg	 80	200	   23.10(19)        	   <60              	1.0000	    0
Hg	201-Hg	 80	201	   13.18(9)         	    5.7(12)         	1.0000	   97
Hg	202-Hg	 80	202	   29.86(26)        	    4.42(7)         	1.0000	    0
Tl	203-Tl	 81	203	   29.524(14)       	   11.4(2)          	1.0000	  113
Hg	204-Hg	 80	204	    6.87(15)        	    0.43(10)        	1.0000	   13
Pb	204-Pb	 82	204	    1.4(1)          	    0.66(7)         	1.0010	   35
Tl	205-Tl	 81	205	   70.476(14)       	    0.104(17)       	1.0000	   13
Pb	206-Pb	 82	206	   24.1(1)          	    0.0266(12)      	1.0010	    6
Pb	207-Pb	 82	207	   22.1(1)          	    0.63(3)         	1.0010	   23
Pb	208-Pb	 82	208	   52.4(1)          	    0.00023(3)      	1.0030	    0
Bi	209-Bi	 83	209	   100              	    0.0338(7)       	 .9990	  230
Th	232-Th	 90	232	   100              	    7.35(3)         	 .9950	  196
U 	234-U 	 92	234	    0.0055(5)       	   99.8(13)         	 .9900	   49
U 	235-U 	 92	235	    0.7200(51)      	   98.3(8)          	 .9850	    8
U 	238-U 	 92	238	   99.274(11)       	    2.680(19)       	1.0020	  267
