0.601920	29Si	29	[4934.39	0]	[0.84	100000000000000.0]
0.103116	29Si	29	[6380.58	4840.34	0]	[0.36	3.5	100000000000000.0]
0.065187	29Si	29	[1273.37	0]	[291.0	100000000000000.0]
0.038188	29Si	29	[6380.58	0]	[0.36	100000000000000.0]
0.037484	29Si	29	[4934.39	1273.37	0]	[0.84	291	100000000000000.0]
0.020049	29Si	29	[0]	[100000000000000.0]
0.014528	30Si	30	[6744.1	0.0]	[14	100000000000000]
0.013516	31Si	31	[3532.9	752.2	0.0]	[6.9	530	100000000000000]
0.011556	30Si	30	[7507.8	2235.3	0.0]	[24	215	100000000000000]
0.003853	30Si	30	[8163.2	0.0]	[w(E1)	100000000000000]
0.003379	31Si	31	[5281.4	752.2	0.0]	[w(E1)	530	100000000000000]
0.003282	30Si	30	[0.0]	[100000000000000]
0.002525	31Si	31	[4382.4	752.2	0.0]	[w(E1)	530	100000000000000]
0.000291	31Si	31	[0.0]	[100000000000000]
0.014933	29Si	29	[6380.58	4840.34	1273.37	0]	[0.36	3.5	291	100000000000000.0]
0.012032	29Si	29	[6380.58	1273.37	0]	[0.36	291	100000000000000.0]
0.007224	29Si	29	[6380.58	2425.86	0]	[0.36	18.1	100000000000000.0]
0.005267	29Si	29	[4934.39	3066.98	1273.37	0]	[0.84	33	291	100000000000000.0]
0.002461	29Si	29	[2425.86	0]	[18.1	100000000000000.0]
0.002411	29Si	29	[6380.58	4934.39	0]	[0.36	0.84	100000000000000.0]
0.001864	29Si	29	[4934.39	2425.86	0]	[0.84	18.1	100000000000000.0]
0.001503	29Si	29	[6908.52	2028.05	0]	[0.1	396	100000000000000.0]
0.001453	29Si	29	[4934.39	3066.98	2028.05	0]	[0.84	33	396	100000000000000.0]
0.001353	29Si	29	[7058.00	0]	[15.0	100000000000000.0]
0.001270	29Si	29	[6380.58	2425.86	1273.37	0]	[0.36	18.1	291	100000000000000.0]
0.001123	29Si	29	[6908.52	1273.37	0]	[0.1	291	100000000000000.0]
0.000991	29Si	29	[2028.05	0]	[396.0	100000000000000.0]
0.000816	29Si	29	[6908.52	2425.86	0]	[0.1	18.1	100000000000000.0]
0.000551	29Si	29	[4840.34	0]	[3.5	100000000000000.0]
0.000535	29Si	29	[6908.52	0]	[0.1	100000000000000.0]
0.000529	29Si	29	[7996.90	0]	[0.1	100000000000000.0]
0.000433	29Si	29	[2425.86	1273.37	0]	[18.1	291	100000000000000.0]
0.000417	29Si	29	[7523.19	2425.86	0]	[14.0	18.1	100000000000000.0]
0.000370	29Si	29	[6712.90	0]	[0.1	100000000000000.0]
0.000343	29Si	29	[4934.39	2028.05	0]	[0.84	396	100000000000000.0]
0.000328	29Si	29	[4934.39	2425.86	1273.37	0]	[0.84	18.1	291	100000000000000.0]
0.000289	29Si	29	[6908.52	3066.98	1273.37	0]	[0.1	33	291	100000000000000.0]
0.000245	29Si	29	[3066.98	1273.37	0]	[33.0	291	100000000000000.0]
0.000186	29Si	29	[7058.00	4934.39	0]	[15.0	0.84	100000000000000.0]
0.000170	29Si	29	[7058.00	2425.86	0]	[15.0	18.1	100000000000000.0]
0.000150	29Si	29	[7058.00	1273.37	0]	[15.0	291	100000000000000.0]
0.000150	29Si	29	[6380.58	4934.39	1273.37	0]	[0.36	0.84	291	100000000000000.0]
0.000143	29Si	29	[6908.52	2425.86	1273.37	0]	[0.1	18.1	291	100000000000000.0]
0.000141	29Si	29	[7523.19	0]	[14.0	100000000000000.0]
0.000101	29Si	29	[6908.52	2028.05	1273.37	0]	[0.1	396	291	100000000000000.0]
0.000098	29Si	29	[4934.39	3066.98	2028.05	1273.37	0]	[0.84	33	396	291	100000000000000.0]
0.000083	29Si	29	[4840.34	1273.37	0]	[3.5	291	100000000000000.0]
0.000080	29Si	29	[6908.52	3066.98	2028.05	0]	[0.1	33	396	100000000000000.0]
0.000073	29Si	29	[7523.19	2425.86	1273.37	0]	[14.0	18.1	291	100000000000000.0]
0.000067	29Si	29	[3066.98	2028.05	0]	[33.0	396	100000000000000.0]
0.000067	29Si	29	[2028.05	1273.37	0]	[396.0	291	100000000000000.0]
0.000040	29Si	29	[6380.58	2425.86	2028.05	0]	[0.36	18.1	396	100000000000000.0]
0.000030	29Si	29	[7058.00	2425.86	1273.37	0]	[15.0	18.1	291	100000000000000.0]
0.000023	29Si	29	[4934.39	2028.05	1273.37	0]	[0.84	396	291	100000000000000.0]
0.000022	29Si	29	[6380.58	4934.39	3066.98	1273.37	0]	[0.36	0.84	33	291	100000000000000.0]
0.000013	29Si	29	[2425.86	2028.05	0]	[18.1	396	100000000000000.0]
0.000012	29Si	29	[7058.00	4934.39	1273.37	0]	[15.0	0.84	291	100000000000000.0]
0.000011	29Si	29	[4934.39	2425.86	2028.05	0]	[0.84	18.1	396	100000000000000.0]
0.000008	29Si	29	[6380.58	4934.39	2425.86	0]	[0.36	0.84	18.1	100000000000000.0]
0.000006	29Si	29	[6380.58	4934.39	3066.98	2028.05	0]	[0.36	0.84	33	396	100000000000000.0]
0.000006	29Si	29	[6908.52	3066.98	2028.05	1273.37	0]	[0.1	33	396	291	100000000000000.0]
0.000005	29Si	29	[3066.98	2028.05	1273.37	0]	[33.0	396	291	100000000000000.0]
0.000005	29Si	29	[6908.52	2425.86	2028.05	0]	[0.1	18.1	396	100000000000000.0]
0.000003	29Si	29	[6380.58	2425.86	2028.05	1273.37	0]	[0.36	18.1	396	291	100000000000000.0]
0.000002	29Si	29	[7523.19	2425.86	2028.05	0]	[14.0	18.1	396	100000000000000.0]
0.000002	29Si	29	[7058.00	4934.39	3066.98	1273.37	0]	[15.0	0.84	33	291	100000000000000.0]
0.000002	29Si	29	[6380.58	4934.39	2028.05	0]	[0.36	0.84	396	100000000000000.0]
0.000001	29Si	29	[6380.58	4934.39	2425.86	1273.37	0]	[0.36	0.84	18.1	291	100000000000000.0]
0.000001	29Si	29	[7058.00	2425.86	2028.05	0]	[15.0	18.1	396	100000000000000.0]
0.000001	29Si	29	[2425.86	2028.05	1273.37	0]	[18.1	396	291	100000000000000.0]
0.000001	29Si	29	[4934.39	2425.86	2028.05	1273.37	0]	[0.84	18.1	396	291	100000000000000.0]
0.000001	29Si	29	[7058.00	4934.39	2425.86	0]	[15.0	0.84	18.1	100000000000000.0]
0.000001	29Si	29	[7058.00	4934.39	3066.98	2028.05	0]	[15.0	0.84	33	396	100000000000000.0]
0.000220	30Si	30	[2235.30	0.0]	[215	100000000000000]
0.001669	30Si	30	[3498.50	0.0]	[58	100000000000000]
0.001222	30Si	30	[3769.50	0.0]	[36	100000000000000]
0.000357	30Si	30	[3787.70	2235.3	0.0]	[8.3	215000	100000000000000]
0.000089	30Si	30	[5614.00	2235.3	0.0]	[21	215000	100000000000000]
0.001311	30Si	30	[6641.20	0.0]	[21	100000000000000]
0.000365	30Si	30	[6914.80	0.0]	[24	100000000000000]
0.007868	30Si	30	[7507.80	0.0]	[24	100000000000000]
0.000062	30Si	30	[7667.40	0.0]	[14	100000000000000]
0.000012	30Si	30	[8104.80	2235.3	0.0]	[24	215000	100000000000000]
0.000084	30Si	30	[8156.10	2235.3	0.0]	[0.1	215000	100000000000000]
0.001395	30Si	30	[8898.10	0.0]	[0.1	100000000000000]
0.000089	30Si	30	[8939.00	2235.3	0.0]	[0.1	215000	100000000000000]
0.000232	30Si	30	[8953.40	0.0]	[0.1	100000000000000]
0.001258	30Si	30	[9103.70	6744.1	0.0]	[24	14000	100000000000000]
0.000505	30Si	30	[9308.10	2235.3	0.0]	[24	215000	100000000000000]
0.000273	30Si	30	[9597.30	2235.3	0.0]	[0.1	215000	100000000000000]
0.000351	30Si	30	[9619.70	0.0]	[0.1	100000000000000]
0.000363	30Si	30	[9792.30	0.0]	[0.1	100000000000000]
0.000103	30Si	30	[10202.3	0.0]	[0.1	100000000000000]
0.000037	30Si	30	[10275.5	2235.3	0.0]	[0.1	215000	100000000000000]
0.000046	31Si	31	[752.200	0.0]	[0.53	100000000000000]
0.000018	31Si	31	[1694.90	0.0]	[0.57	100000000000000]
0.000013	31Si	31	[2316.90	0.0]	[38	100000000000000]
0.000026	31Si	31	[2788.00	0.0]	[14	100000000000000]
0.002503	31Si	31	[4382.40	0.0]	[0.1	100000000000000]
0.000171	31Si	31	[5873.20	0.0]	[0.1	100000000000000]
0.000038	31Si	31	[5957.90	0.0]	[0.1	100000000000000]
