0.625846	29Si	29	[4934.39	0]	[0.84	100000000000000.0]
0.107215	29Si	29	[6380.58	4840.34	0]	[0.36	3.5	100000000000000.0]
0.039706	29Si	29	[6380.58	0]	[0.36	100000000000000.0]
0.038974	29Si	29	[4934.39	1273.37	0]	[0.84	291	100000000000000.0]
0.020846	29Si	29	[0]	[100000000000000.0]
0.015106	30Si	30	[6744.1	0.0]	[14	100000000000000]
0.014053	31Si	31	[3532.9	752.2	0.0]	[6.9	530	100000000000000]
0.012015	30Si	30	[7507.8	2235.3	0.0]	[24	215	100000000000000]
0.004006	30Si	30	[8163.2	0.0]	[w(E1)	100000000000000]
0.003513	31Si	31	[5281.4	752.2	0.0]	[w(E1)	530	100000000000000]
0.003412	30Si	30	[0.0]	[100000000000000]
0.002625	31Si	31	[4382.4	752.2	0.0]	[w(E1)	530	100000000000000]
0.000303	31Si	31	[0.0]	[100000000000000]
0.008210	29Si	29	[6380.58	4840.34	1273.37	0]	[0.36	3.5	291	100000000000000.0]
0.006615	29Si	29	[6380.58	1273.37	0]	[0.36	291	100000000000000.0]
0.003972	29Si	29	[6380.58	2425.86	0]	[0.36	18.1	100000000000000.0]
0.002896	29Si	29	[4934.39	3066.98	1273.37	0]	[0.84	33	291	100000000000000.0]
0.001353	29Si	29	[2425.86	0]	[18.1	100000000000000.0]
0.001326	29Si	29	[6380.58	4934.39	0]	[0.36	0.84	100000000000000.0]
0.001025	29Si	29	[4934.39	2425.86	0]	[0.84	18.1	100000000000000.0]
0.000826	29Si	29	[6908.52	2028.05	0]	[0.1	396	100000000000000.0]
0.000799	29Si	29	[4934.39	3066.98	2028.05	0]	[0.84	33	396	100000000000000.0]
0.000744	29Si	29	[7058.00	0]	[15.0	100000000000000.0]
0.000698	29Si	29	[6380.58	2425.86	1273.37	0]	[0.36	18.1	291	100000000000000.0]
0.000617	29Si	29	[6908.52	1273.37	0]	[0.1	291	100000000000000.0]
0.000545	29Si	29	[2028.05	0]	[396.0	100000000000000.0]
0.000449	29Si	29	[6908.52	2425.86	0]	[0.1	18.1	100000000000000.0]
0.000303	29Si	29	[4840.34	0]	[3.5	100000000000000.0]
0.000294	29Si	29	[6908.52	0]	[0.1	100000000000000.0]
0.000291	29Si	29	[7996.90	0]	[0.1	100000000000000.0]
0.000238	29Si	29	[2425.86	1273.37	0]	[18.1	291	100000000000000.0]
0.000229	29Si	29	[7523.19	2425.86	0]	[14.0	18.1	100000000000000.0]
0.000203	29Si	29	[6712.90	0]	[0.1	100000000000000.0]
0.000189	29Si	29	[4934.39	2028.05	0]	[0.84	396	100000000000000.0]
0.000180	29Si	29	[4934.39	2425.86	1273.37	0]	[0.84	18.1	291	100000000000000.0]
0.000159	29Si	29	[6908.52	3066.98	1273.37	0]	[0.1	33	291	100000000000000.0]
0.000135	29Si	29	[3066.98	1273.37	0]	[33.0	291	100000000000000.0]
0.000102	29Si	29	[7058.00	4934.39	0]	[15.0	0.84	100000000000000.0]
0.000093	29Si	29	[7058.00	2425.86	0]	[15.0	18.1	100000000000000.0]
0.000082	29Si	29	[7058.00	1273.37	0]	[15.0	291	100000000000000.0]
0.000082	29Si	29	[6380.58	4934.39	1273.37	0]	[0.36	0.84	291	100000000000000.0]
0.000079	29Si	29	[6908.52	2425.86	1273.37	0]	[0.1	18.1	291	100000000000000.0]
0.000078	29Si	29	[7523.19	0]	[14.0	100000000000000.0]
0.000056	29Si	29	[6908.52	2028.05	1273.37	0]	[0.1	396	291	100000000000000.0]
0.000054	29Si	29	[4934.39	3066.98	2028.05	1273.37	0]	[0.84	33	396	291	100000000000000.0]
0.000046	29Si	29	[4840.34	1273.37	0]	[3.5	291	100000000000000.0]
0.000044	29Si	29	[6908.52	3066.98	2028.05	0]	[0.1	33	396	100000000000000.0]
0.000040	29Si	29	[7523.19	2425.86	1273.37	0]	[14.0	18.1	291	100000000000000.0]
0.000037	29Si	29	[3066.98	2028.05	0]	[33.0	396	100000000000000.0]
0.000037	29Si	29	[2028.05	1273.37	0]	[396.0	291	100000000000000.0]
0.000022	29Si	29	[6380.58	2425.86	2028.05	0]	[0.36	18.1	396	100000000000000.0]
0.000016	29Si	29	[7058.00	2425.86	1273.37	0]	[15.0	18.1	291	100000000000000.0]
0.000013	29Si	29	[4934.39	2028.05	1273.37	0]	[0.84	396	291	100000000000000.0]
0.000012	29Si	29	[6380.58	4934.39	3066.98	1273.37	0]	[0.36	0.84	33	291	100000000000000.0]
0.000007	29Si	29	[2425.86	2028.05	0]	[18.1	396	100000000000000.0]
0.000007	29Si	29	[7058.00	4934.39	1273.37	0]	[15.0	0.84	291	100000000000000.0]
0.000006	29Si	29	[4934.39	2425.86	2028.05	0]	[0.84	18.1	396	100000000000000.0]
0.000004	29Si	29	[6380.58	4934.39	2425.86	0]	[0.36	0.84	18.1	100000000000000.0]
0.000003	29Si	29	[6380.58	4934.39	3066.98	2028.05	0]	[0.36	0.84	33	396	100000000000000.0]
0.000003	29Si	29	[6908.52	3066.98	2028.05	1273.37	0]	[0.1	33	396	291	100000000000000.0]
0.000003	29Si	29	[3066.98	2028.05	1273.37	0]	[33.0	396	291	100000000000000.0]
0.000003	29Si	29	[6908.52	2425.86	2028.05	0]	[0.1	18.1	396	100000000000000.0]
0.000002	29Si	29	[6380.58	2425.86	2028.05	1273.37	0]	[0.36	18.1	396	291	100000000000000.0]
0.000001	29Si	29	[7523.19	2425.86	2028.05	0]	[14.0	18.1	396	100000000000000.0]
0.000001	29Si	29	[7058.00	4934.39	3066.98	1273.37	0]	[15.0	0.84	33	291	100000000000000.0]
0.000001	29Si	29	[6380.58	4934.39	2028.05	0]	[0.36	0.84	396	100000000000000.0]
0.000001	29Si	29	[6380.58	4934.39	2425.86	1273.37	0]	[0.36	0.84	18.1	291	100000000000000.0]
0.000001	29Si	29	[7058.00	2425.86	2028.05	0]	[15.0	18.1	396	100000000000000.0]
0.000001	29Si	29	[2425.86	2028.05	1273.37	0]	[18.1	396	291	100000000000000.0]
0.000001	29Si	29	[4934.39	2425.86	2028.05	1273.37	0]	[0.84	18.1	396	291	100000000000000.0]
0.000001	29Si	29	[7058.00	4934.39	2425.86	0]	[15.0	0.84	18.1	100000000000000.0]
0.000001	29Si	29	[7058.00	4934.39	3066.98	2028.05	0]	[15.0	0.84	33	396	100000000000000.0]
0.000121	30Si	30	[2235.30	0.0]	[215	100000000000000]
0.000918	30Si	30	[3498.50	0.0]	[58	100000000000000]
0.000672	30Si	30	[3769.50	0.0]	[36	100000000000000]
0.000196	30Si	30	[3787.70	2235.3	0.0]	[8.3	215000	100000000000000]
0.000049	30Si	30	[5614.00	2235.3	0.0]	[21	215000	100000000000000]
0.000721	30Si	30	[6641.20	0.0]	[21	100000000000000]
0.000201	30Si	30	[6914.80	0.0]	[24	100000000000000]
0.004326	30Si	30	[7507.80	0.0]	[24	100000000000000]
0.000034	30Si	30	[7667.40	0.0]	[14	100000000000000]
0.000007	30Si	30	[8104.80	2235.3	0.0]	[24	215000	100000000000000]
0.000046	30Si	30	[8156.10	2235.3	0.0]	[0.1	215000	100000000000000]
0.000767	30Si	30	[8898.10	0.0]	[0.1	100000000000000]
0.000049	30Si	30	[8939.00	2235.3	0.0]	[0.1	215000	100000000000000]
0.000128	30Si	30	[8953.40	0.0]	[0.1	100000000000000]
0.000692	30Si	30	[9103.70	6744.1	0.0]	[24	14000	100000000000000]
0.000278	30Si	30	[9308.10	2235.3	0.0]	[24	215000	100000000000000]
0.000150	30Si	30	[9597.30	2235.3	0.0]	[0.1	215000	100000000000000]
0.000193	30Si	30	[9619.70	0.0]	[0.1	100000000000000]
0.000200	30Si	30	[9792.30	0.0]	[0.1	100000000000000]
0.000057	30Si	30	[10202.3	0.0]	[0.1	100000000000000]
0.000020	30Si	30	[10275.5	2235.3	0.0]	[0.1	215000	100000000000000]
0.000025	31Si	31	[752.200	0.0]	[0.53	100000000000000]
0.000010	31Si	31	[1694.90	0.0]	[0.57	100000000000000]
0.000007	31Si	31	[2316.90	0.0]	[38	100000000000000]
0.000014	31Si	31	[2788.00	0.0]	[14	100000000000000]
0.001376	31Si	31	[4382.40	0.0]	[0.1	100000000000000]
0.000094	31Si	31	[5873.20	0.0]	[0.1	100000000000000]
0.000021	31Si	31	[5957.90	0.0]	[0.1	100000000000000]
