0.015527	29Si	29	[6380.58	4840.34	1273.37	0]	[0.36	3.5	291	100000000000000.0]		
0.012510	29Si	29	[6380.58	1273.37	0]	[0.36	291	100000000000000.0]				
0.007511	29Si	29	[6380.58	2425.86	0]	[0.36	18.1	100000000000000.0]				
0.005476	29Si	29	[4934.39	3066.98	1273.37	0]	[0.84	33	291	100000000000000.0]		
0.002559	29Si	29	[2425.86	0]	[18.1	100000000000000.0]						
0.002507	29Si	29	[6380.58	4934.39	0]	[0.36	0.84	100000000000000.0]				
0.001938	29Si	29	[4934.39	2425.86	0]	[0.84	18.1	100000000000000.0]				
0.001563	29Si	29	[6908.52	2028.05	0]	[0.1	396	100000000000000.0]				
0.001511	29Si	29	[4934.39	3066.98	2028.05	0]	[0.84	33	396	100000000000000.0]		
0.001407	29Si	29	[7058.0	0]	[15.0	100000000000000.0]						
0.001321	29Si	29	[6380.58	2425.86	1273.37	0]	[0.36	18.1	291	100000000000000.0]		
0.001168	29Si	29	[6908.52	1273.37	0]	[0.1	291	100000000000000.0]				
0.001030	29Si	29	[2028.05	0]	[396.0	100000000000000.0]						
0.000848	29Si	29	[6908.52	2425.86	0]	[0.1	18.1	100000000000000.0]				
0.000573	29Si	29	[4840.34	0]	[3.5	100000000000000.0]						
0.000556	29Si	29	[6908.52	0]	[0.1	100000000000000.0]						
0.000550	29Si	29	[7996.9	0]	[0.1	100000000000000.0]						
0.000450	29Si	29	[2425.86	1273.37	0]	[18.1	291	100000000000000.0]				
0.000434	29Si	29	[7523.19	2425.86	0]	[14.0	18.1	100000000000000.0]				
0.000385	29Si	29	[6712.9	0]	[0.1	100000000000000.0]						
0.000357	29Si	29	[4934.39	2028.05	0]	[0.84	396	100000000000000.0]				
0.000341	29Si	29	[4934.39	2425.86	1273.37	0]	[0.84	18.1	291	100000000000000.0]		
0.000301	29Si	29	[6908.52	3066.98	1273.37	0]	[0.1	33	291	100000000000000.0]		
0.000255	29Si	29	[3066.98	1273.37	0]	[33.0	291	100000000000000.0]				
0.000193	29Si	29	[7058.0	4934.39	0]	[15.0	0.84	100000000000000.0]				
0.000177	29Si	29	[7058.0	2425.86	0]	[15.0	18.1	100000000000000.0]				
0.000156	29Si	29	[7058.0	1273.37	0]	[15.0	291	100000000000000.0]				
0.000156	29Si	29	[6380.58	4934.39	1273.37	0]	[0.36	0.84	291	100000000000000.0]		
0.000149	29Si	29	[6908.52	2425.86	1273.37	0]	[0.1	18.1	291	100000000000000.0]		
0.000147	29Si	29	[7523.19	0]	[14.0	100000000000000.0]						
0.000105	29Si	29	[6908.52	2028.05	1273.37	0]	[0.1	396	291	100000000000000.0]		
0.000102	29Si	29	[4934.39	3066.98	2028.05	1273.37	0]	[0.84	33	396	291	100000000000000.0]
0.000086	29Si	29	[4840.34	1273.37	0]	[3.5	291	100000000000000.0]				
0.000083	29Si	29	[6908.52	3066.98	2028.05	0]	[0.1	33	396	100000000000000.0]		
0.000076	29Si	29	[7523.19	2425.86	1273.37	0]	[14.0	18.1	291	100000000000000.0]		
0.000070	29Si	29	[3066.98	2028.05	0]	[33.0	396	100000000000000.0]				
0.000070	29Si	29	[2028.05	1273.37	0]	[396.0	291	100000000000000.0]				
0.000042	29Si	29	[6380.58	2425.86	2028.05	0]	[0.36	18.1	396	100000000000000.0]		
0.000031	29Si	29	[7058.0	2425.86	1273.37	0]	[15.0	18.1	291	100000000000000.0]		
0.000024	29Si	29	[4934.39	2028.05	1273.37	0]	[0.84	396	291	100000000000000.0]		
0.000023	29Si	29	[6380.58	4934.39	3066.98	1273.37	0]	[0.36	0.84	33	291	100000000000000.0]
0.000014	29Si	29	[2425.86	2028.05	0]	[18.1	396	100000000000000.0]				
0.000012	29Si	29	[7058.0	4934.39	1273.37	0]	[15.0	0.84	291	100000000000000.0]		
0.000011	29Si	29	[4934.39	2425.86	2028.05	0]	[0.84	18.1	396	100000000000000.0]		
0.000008	29Si	29	[6380.58	4934.39	2425.86	0]	[0.36	0.84	18.1	100000000000000.0]		
0.000006	29Si	29	[6380.58	4934.39	3066.98	2028.05	0]	[0.36	0.84	33	396	100000000000000.0]
0.000006	29Si	29	[6908.52	3066.98	2028.05	1273.37	0]	[0.1	33	396	291	100000000000000.0]
0.000005	29Si	29	[3066.98	2028.05	1273.37	0]	[33.0	396	291	100000000000000.0]		
0.000005	29Si	29	[6908.52	2425.86	2028.05	0]	[0.1	18.1	396	100000000000000.0]		
0.000003	29Si	29	[6380.58	2425.86	2028.05	1273.37	0]	[0.36	18.1	396	291	100000000000000.0]
0.000002	29Si	29	[7523.19	2425.86	2028.05	0]	[14.0	18.1	396	100000000000000.0]		
0.000002	29Si	29	[7058.0	4934.39	3066.98	1273.37	0]	[15.0	0.84	33	291	100000000000000.0]
0.000002	29Si	29	[6380.58	4934.39	2028.05	0]	[0.36	0.84	396	100000000000000.0]		
0.000001	29Si	29	[6380.58	4934.39	2425.86	1273.37	0]	[0.36	0.84	18.1	291	100000000000000.0]
0.000001	29Si	29	[7058.0	2425.86	2028.05	0]	[15.0	18.1	396	100000000000000.0]		
0.000001	29Si	29	[2425.86	2028.05	1273.37	0]	[18.1	396	291	100000000000000.0]		
0.000001	29Si	29	[4934.39	2425.86	2028.05	1273.37	0]	[0.84	18.1	396	291	100000000000000.0]
0.000001	29Si	29	[7058.0	4934.39	2425.86	0]	[15.0	0.84	18.1	100000000000000.0]		
0.000001	29Si	29	[7058.0	4934.39	3066.98	2028.05	0]	[15.0	0.84	33	396	100000000000000.0]
0.000229	30Si	30	[2235.3	0.0]	[215	100000000000000]						
0.001735	30Si	30	[3498.5	0.0]	[58	100000000000000]						
0.001271	30Si	30	[3769.5	0.0]	[36	100000000000000]						
0.000371	30Si	30	[3787.7	2235.3	0.0]	[8.3	215000	100000000000000]				
0.000093	30Si	30	[5614	2235.3	0.0]	[21	215000	100000000000000]				
0.001363	30Si	30	[6641.2	0.0]	[21	100000000000000]						
0.000380	30Si	30	[6914.8	0.0]	[24	100000000000000]						
0.008181	30Si	30	[7507.8	0.0]	[24	100000000000000]						
0.000064	30Si	30	[7667.4	0.0]	[14	100000000000000]						
0.000012	30Si	30	[8104.8	2235.3	0.0]	[24	215000	100000000000000]				
0.000087	30Si	30	[8156.1	2235.3	0.0]	[0.1	215000	100000000000000]				
0.001450	30Si	30	[8898.1	0.0]	[0.1	100000000000000]						
0.000093	30Si	30	[8939	2235.3	0.0]	[0.1	215000	100000000000000]				
0.000241	30Si	30	[8953.4	0.0]	[0.1	100000000000000]						
0.001308	30Si	30	[9103.7	6744.1	0.0]	[24	14000	100000000000000]				
0.000525	30Si	30	[9308.1	2235.3	0.0]	[24	215000	100000000000000]				
0.000284	30Si	30	[9597.3	2235.3	0.0]	[0.1	215000	100000000000000]				
0.000365	30Si	30	[9619.7	0.0]	[0.1	100000000000000]						
0.000377	30Si	30	[9792.3	0.0]	[0.1	100000000000000]						
0.000107	30Si	30	[10202.3	0.0]	[0.1	100000000000000]						
0.000038	30Si	30	[10275.5	2235.3	0.0]	[0.1	215000	100000000000000]				
0.000048	31Si	31	[752.2	0.0]	[0.53	100000000000000]						
0.000019	31Si	31	[1694.9	0.0]	[0.57	100000000000000]						
0.000013	31Si	31	[2316.9	0.0]	[38	100000000000000]						
0.000027	31Si	31	[2788	0.0]	[14	100000000000000]						
0.002603	31Si	31	[4382.4	0.0]	[0.1	100000000000000]						
0.000178	31Si	31	[5873.2	0.0]	[0.1	100000000000000]						
0.000040	31Si	31	[5957.9	0.0]	[0.1	100000000000000]						
